DROP TABLE IF EXISTS pokemon, type, region, pokemon_type CASCADE;

START TRANSACTION;
CREATE TABLE pokemon (
    pokemon_id INTEGER PRIMARY KEY,
    name varchar(30),
    hp INTEGER NOT NULL,
    attack INTEGER NOT NULL,
    defense INTEGER NOT NULL,
    sp_attack INTEGER NOT NULL,
    sp_defense INTEGER NOT NULL,
    speed INTEGER NOT NULL,
    total INTEGER NOT NULL
);

CREATE TABLE type (
    type_id SERIAL PRIMARY KEY,
    type_name VARCHAR(20) NOT NULL,
    type_weakness VARCHAR(20) NOT NULL
);

CREATE TABLE region (
    region_id SERIAL PRIMARY KEY,
    region_name VARCHAR(50) NOT NULL,
    map_url VARCHAR(255)
);

CREATE TABLE pokemon_type (
    pokemon_id int NOT NULL,
    type_id int NOT NULL,
    FOREIGN KEY (pokemon_id) REFERENCES pokemon (pokemon_id),
    FOREIGN KEY (type_id) REFERENCES type (type_id)
);

--Region

INSERT INTO region (region_name, map_url) VALUES
('Kanto', 'https://images.app.goo.gl/KyWPVRFkiAsQMeo9A'),
('Johto', 'https://images.app.goo.gl/xhWMqvgqrD5MSp8b7'),
('Hoenn', 'https://images.app.goo.gl/vg9rGpW5Vt7Niozu8'),
('Sinnoh', 'https://images.app.goo.gl/t5aBXZ2o1tANtm3Y6'),
('Unova', 'https://images.app.goo.gl/QRBxdYcGTaHKwiCUA'),
('Kalos', 'https://images.app.goo.gl/gMEADNB7C5Z7ga2j6'),
('Alola', 'https://images.app.goo.gl/Yg8meJbQzJzALPKb7'),
('Galar', 'https://images.app.goo.gl/SRX8acj75d1SqfzY7');


--Type and Weakness
INSERT INTO "type" (type_name, type_weakness) VALUES
('Normal', 'Fighting'),
('Fire', 'Water'),
('Water', 'Electric'),
('Electric', 'Ground'),
('Grass', 'Fire'),
('Ice', 'Fire'),
('Fighting', 'Flying'),
('Poison', 'Ground'),
('Ground', 'Water'),
('Flying', 'Electric'),
('Psychic', 'Bug'),
('Bug', 'Flying'),
('Rock', 'Water'),
('Ghost', 'Ghost'),
('Dragon', 'Ice'),
('Dark', 'Fighting'),
('Steel', 'Fire'),
('Fairy', 'Poison');

--Generation I
INSERT INTO pokemon (pokemon_id, name, hp, attack, defense, sp_attack, sp_defense, speed, total) VALUES
(1, 'Bulbasaur', 45, 49, 49, 65, 65, 45, 318),
(2, 'Ivysaur', 60, 62, 63, 80, 80, 60, 405),
(3, 'Venusaur', 80, 82, 83, 100, 100, 80, 525),
(4, 'Charmander', 39, 52, 43, 60, 50, 65, 309),
(5, 'Charmeleon', 58, 64, 58, 80, 65, 80, 405),
(6, 'Charizard', 78, 84, 78, 109, 85, 100, 534),
(7, 'Squirtle', 44, 48, 65, 50, 64, 43, 314),
(8, 'Wartortle', 59, 63, 80, 65, 80, 58, 405),
(9, 'Blastoise', 79, 83, 100, 85, 105, 78, 530),
(10, 'Caterpie', 45, 30, 35, 20, 20, 45, 195),
(11, 'Metapod', 50, 20, 55, 25, 25, 30, 205),
(12, 'Butterfree', 60, 45, 50, 90, 80, 70, 395),
(13, 'Weedle', 40, 35, 30, 20, 20, 50, 195),
(14, 'Kakuna', 45, 25, 50, 25, 25, 35, 205),
(15, 'Beedrill', 65, 90, 40, 45, 80, 75, 395),
(16, 'Pidgey', 40, 45, 40, 35, 35, 56, 251),
(17, 'Pidgeotto', 63, 60, 55, 50, 50, 71, 349),
(18, 'Pidgeot', 83, 80, 75, 70, 70, 101, 479),
(19, 'Rattata', 30, 56, 35, 25, 35, 72, 253),
(20, 'Raticate', 55, 81, 60, 50, 70, 97, 413),
(21, 'Spearow', 40, 60, 30, 31, 31, 70, 262),
(22, 'Fearow', 65, 90, 65, 61, 61, 100, 442),
(23, 'Ekans', 35, 60, 44, 40, 54, 55, 288),
(24, 'Arbok', 60, 85, 69, 65, 79, 80, 438),
(25, 'Pikachu', 35, 55, 40, 50, 50, 90, 320),
(26, 'Raichu', 60, 90, 55, 90, 80, 110, 485),
(27, 'Sandshrew', 50, 75, 85, 20, 30, 40, 300),
(28, 'Sandslash', 75, 100, 110, 45, 55, 65, 450),
(29, 'Nidoran♀', 55, 47, 52, 40, 40, 41, 275),
(30, 'Nidorina', 70, 62, 67, 55, 55, 56, 365),
(31, 'Nidoqueen', 90, 92, 87, 75, 85, 76, 505),
(32, 'Nidoran♂', 46, 57, 40, 40, 40, 50, 273),
(33, 'Nidorino', 61, 72, 57, 55, 55, 65, 365),
(34, 'Nidoking', 81, 102, 77, 85, 75, 85, 505),
(35, 'Clefairy', 70, 45, 48, 60, 65, 35, 323),
(36, 'Clefable', 95, 70, 73, 95, 90, 60, 483),
(37, 'Vulpix', 38, 41, 40, 50, 65, 65, 299),
(38, 'Ninetales', 73, 76, 75, 81, 100, 100, 505),
(39, 'Jigglypuff', 115, 45, 20, 45, 25, 20, 270),
(40, 'Wigglytuff', 140, 70, 45, 85, 50, 45, 435),
(41, 'Zubat', 40, 45, 35, 30, 40, 55, 245),
(42, 'Golbat', 75, 80, 70, 65, 75, 90, 455),
(43, 'Oddish', 45, 50, 55, 75, 65, 30, 320),
(44, 'Gloom', 60, 65, 70, 85, 75, 40, 395),
(45, 'Vileplume', 75, 80, 85, 110, 90, 50, 490),
(46, 'Paras', 35, 70, 55, 45, 55, 25, 285),
(47, 'Parasect', 60, 95, 80, 60, 80, 30, 405),
(48, 'Venonat', 60, 55, 50, 40, 55, 45, 305),
(49, 'Venomoth', 70, 65, 60, 90, 75, 90, 450),
(50, 'Diglett', 10, 55, 25, 35, 45, 95, 265),
(51, 'Dugtrio', 35, 80, 50, 50, 70, 120, 405),
(52, 'Meowth', 40, 45, 35, 40, 40, 90, 290),
(53, 'Persian', 65, 70, 60, 65, 65, 115, 440),
(54, 'Psyduck', 50, 52, 48, 65, 50, 55, 320),
(55, 'Golduck', 80, 82, 78, 95, 80, 85, 500),
(56, 'Mankey', 40, 80, 35, 35, 45, 70, 305),
(57, 'Primeape', 65, 105, 60, 60, 70, 95, 455),
(58, 'Growlithe', 55, 70, 45, 70, 50, 60, 350),
(59, 'Arcanine', 90, 110, 80, 100, 80, 95, 555),
(60, 'Poliwag', 40, 50, 40, 40, 40, 90, 300),
(61, 'Poliwhirl', 65, 65, 65, 50, 50, 90, 385),
(62, 'Poliwrath', 90, 95, 95, 70, 90, 70, 510),
(63, 'Abra', 25, 20, 15, 105, 55, 90, 310),
(64, 'Kadabra', 40, 35, 30, 120, 70, 105, 400),
(65, 'Alakazam', 55, 50, 45, 135, 95, 120, 500),
(66, 'Machop', 70, 80, 50, 35, 35, 35, 305),
(67, 'Machoke', 80, 100, 70, 50, 60, 45, 405),
(68, 'Machamp', 90, 130, 80, 65, 85, 55, 505),
(69, 'Bellsprout', 50, 75, 35, 70, 30, 40, 300),
(70, 'Weepinbell', 65, 90, 50, 85, 45, 55, 390),
(71, 'Victreebel', 80, 105, 65, 100, 70, 70, 490),
(72, 'Tentacool', 40, 40, 35, 50, 100, 70, 335),
(73, 'Tentacruel', 80, 70, 65, 80, 120, 100, 515),
(74, 'Geodude', 40, 80, 100, 30, 30, 20, 300),
(75, 'Graveler', 55, 95, 115, 45, 45, 35, 390),
(76, 'Golem', 80, 120, 130, 55, 65, 45, 495),
(77, 'Ponyta', 50, 85, 55, 65, 65, 90, 410),
(78, 'Rapidash', 65, 100, 70, 80, 80, 105, 500),
(79, 'Slowpoke', 90, 65, 65, 40, 40, 15, 315),
(80, 'Slowbro', 95, 75, 110, 100, 80, 30, 490),
(81, 'Magnemite', 25, 35, 70, 95, 55, 45, 330),
(82, 'Magneton', 50, 60, 95, 120, 70, 70, 465),
(83, 'Farfetchd', 52, 65, 55, 58, 62, 60, 352),
(84, 'Doduo', 35, 85, 45, 35, 35, 75, 310),
(85, 'Dodrio', 60, 110, 70, 60, 60, 100, 460),
(86, 'Seel', 65, 45, 55, 45, 70, 45, 325),
(87, 'Dewgong', 90, 70, 80, 70, 95, 70, 475),
(88, 'Grimer', 80, 80, 50, 40, 50, 25, 325),
(89, 'Muk', 105, 105, 75, 65, 100, 50, 500),
(90, 'Shellder', 30, 65, 100, 45, 25, 40, 305),
(91, 'Cloyster', 50, 95, 180, 85, 45, 70, 525),
(92, 'Gastly', 30, 35, 30, 100, 35, 80, 310),
(93, 'Haunter', 45, 50, 45, 115, 55, 95, 405),
(94, 'Gengar', 60, 65, 60, 130, 75, 110, 500),
(95, 'Onix', 35, 45, 160, 30, 45, 70, 385),
(96, 'Drowzee', 60, 48, 45, 43, 90, 42, 328),
(97, 'Hypno', 85, 73, 70, 73, 115, 67, 483),
(98, 'Krabby', 30, 105, 90, 25, 25, 50, 325),
(99, 'Kingler', 55, 130, 115, 50, 50, 75, 475),
(100, 'Voltorb', 40, 30, 50, 55, 55, 100, 330),
(101, 'Electrode', 60, 50, 70, 80, 80, 140, 480),
(102, 'Exeggcute', 60, 40, 80, 60, 45, 40, 325),
(103, 'Exeggutor', 95, 95, 85, 125, 65, 55, 520),
(104, 'Cubone', 50, 50, 95, 40, 50, 35, 320),
(105, 'Marowak', 60, 80, 110, 50, 80, 45, 425),
(106, 'Hitmonlee', 50, 120, 53, 35, 110, 87, 455),
(107, 'Hitmonchan', 50, 105, 79, 35, 110, 76, 455),
(108, 'Lickitung', 90, 55, 75, 60, 75, 30, 385),
(109, 'Koffing', 40, 65, 95, 60, 45, 35, 340),
(110, 'Weezing', 65, 90, 120, 85, 70, 60, 490),
(111, 'Rhyhorn', 80, 85, 95, 30, 30, 25, 345),
(112, 'Rhydon', 105, 130, 120, 45, 45, 40, 485),
(113, 'Chansey', 250, 5, 5, 35, 105, 50, 450),
(114, 'Tangela', 65, 55, 115, 100, 40, 60, 435),
(115, 'Kangaskhan', 105, 95, 80, 40, 80, 90, 490),
(116, 'Horsea', 30, 40, 70, 70, 25, 60, 295),
(117, 'Seadra', 55, 65, 95, 95, 45, 85, 440),
(118, 'Goldeen', 45, 67, 60, 35, 50, 63, 320),
(119, 'Seaking', 80, 92, 65, 65, 80, 68, 490),
(120, 'Staryu', 30, 45, 55, 70, 55, 85, 340),
(121, 'Starmie', 60, 75, 85, 100, 85, 115, 520),
(122, 'Mr. Mime', 40, 45, 65, 100, 120, 90, 460),
(123, 'Scyther', 70, 110, 80, 55, 80, 105, 500),
(124, 'Jynx', 65, 50, 35, 115, 95, 95, 455),
(125, 'Electabuzz', 65, 83, 57, 95, 85, 105, 490),
(126, 'Magmar', 65, 95, 57, 100, 85, 93, 495),
(127, 'Pinsir', 65, 125, 100, 55, 70, 85, 500),
(128, 'Tauros', 75, 100, 95, 40, 70, 110, 490),
(129, 'Magikarp', 20, 10, 55, 15, 20, 80, 200),
(130, 'Gyarados', 95, 125, 79, 60, 100, 81, 540),
(131, 'Lapras', 130, 85, 80, 85, 95, 60, 535),
(132, 'Ditto', 48, 48, 48, 48, 48, 48, 288),
(133, 'Eevee', 55, 55, 50, 45, 65, 55, 325),
(134, 'Vaporeon', 130, 65, 60, 110, 95, 65, 525),
(135, 'Jolteon', 65, 65, 60, 110, 95, 130, 525),
(136, 'Flareon', 65, 130, 60, 95, 110, 65, 525),
(137, 'Porygon', 65, 60, 70, 85, 75, 40, 395),
(138, 'Omanyte', 35, 40, 100, 90, 55, 35, 355),
(139, 'Omastar', 70, 60, 125, 115, 70, 55, 495),
(140, 'Kabuto', 30, 80, 90, 55, 45, 55, 355),
(141, 'Kabutops', 60, 115, 105, 65, 70, 80, 495),
(142, 'Aerodactyl', 80, 105, 65, 60, 75, 130, 515),
(143, 'Snorlax', 160, 110, 65, 65, 110, 30, 540),
(144, 'Articuno', 90, 85, 100, 95, 125, 85, 580),
(145, 'Zapdos', 90, 90, 85, 125, 90, 100, 580),
(146, 'Moltres', 90, 100, 90, 125, 85, 90, 580),
(147, 'Dratini', 41, 64, 45, 50, 50, 50, 300),
(148, 'Dragonair', 61, 84, 65, 70, 70, 70, 420),
(149, 'Dragonite', 91, 134, 95, 100, 100, 80, 600),
(150, 'Mewtwo', 106, 110, 90, 154, 90, 130, 680),
(151, 'Mew', 100, 100, 100, 100, 100, 100, 600);

-- Generation II
INSERT INTO pokemon (pokemon_id, name, hp, attack, defense, sp_attack, sp_defense, speed, total) VALUES
(152, 'Chikorita', 45, 49, 65, 49, 65, 45, 318),
(153, 'Bayleef', 60, 62, 80, 63, 80, 60, 405),
(154, 'Meganium', 80, 82, 100, 83, 100, 80, 525),
(155, 'Cyndaquil', 39, 52, 43, 60, 50, 65, 309),
(156, 'Quilava', 58, 64, 58, 80, 65, 80, 405),
(157, 'Typhlosion', 78, 84, 78, 109, 85, 100, 534),
(158, 'Totodile', 50, 65, 64, 44, 48, 43, 314),
(159, 'Croconaw', 65, 80, 80, 59, 63, 58, 405),
(160, 'Feraligatr', 85, 105, 100, 79, 83, 78, 530),
(161, 'Sentret', 35, 46, 34, 35, 45, 20, 215),
(162, 'Furret', 85, 76, 64, 45, 55, 90, 415),
(163, 'Hoothoot', 60, 30, 30, 36, 56, 50, 262),
(164, 'Noctowl', 100, 50, 50, 76, 96, 70, 442),
(165, 'Ledyba', 40, 20, 30, 40, 80, 55, 265),
(166, 'Ledian', 55, 35, 50, 55, 110, 85, 390),
(167, 'Spinarak', 40, 60, 40, 40, 40, 30, 250),
(168, 'Ariados', 70, 90, 70, 60, 60, 40, 390),
(169, 'Crobat', 85, 90, 80, 70, 80, 130, 495),
(170, 'Chinchou', 75, 38, 38, 56, 56, 67, 330),
(171, 'Lanturn', 125, 58, 58, 76, 76, 67, 460),
(172, 'Pichu', 20, 40, 15, 35, 35, 60, 205),
(173, 'Cleffa', 50, 25, 28, 45, 55, 15, 218),
(174, 'Igglybuff', 90, 30, 15, 40, 20, 15, 210),
(175, 'Togepi', 35, 20, 65, 40, 65, 20, 245),
(176, 'Togetic', 55, 40, 85, 80, 105, 40, 405),
(177, 'Natu', 40, 50, 45, 70, 45, 70, 320),
(178, 'Xatu', 65, 75, 70, 95, 70, 95, 470),
(179, 'Mareep', 55, 40, 40, 65, 45, 35, 280),
(180, 'Flaaffy', 70, 55, 55, 80, 60, 45, 365),
(181, 'Ampharos', 90, 75, 85, 115, 90, 55, 510),
(182, 'Bellossom', 75, 80, 95, 90, 100, 50, 490),
(183, 'Marill', 70, 20, 50, 20, 50, 40, 250),
(184, 'Azumarill', 100, 50, 80, 60, 80, 50, 420),
(185, 'Sudowoodo', 70, 100, 115, 30, 65, 30, 410),
(186, 'Politoed', 90, 75, 75, 90, 100, 70, 500),
(187, 'Hoppip', 35, 35, 40, 35, 55, 50, 250),
(188, 'Skiploom', 55, 45, 50, 45, 65, 80, 340),
(189, 'Jumpluff', 75, 55, 70, 55, 95, 110, 460),
(190, 'Aipom', 55, 70, 55, 40, 55, 85, 360),
(191, 'Sunkern', 30, 30, 30, 30, 30, 30, 180),
(192, 'Sunflora', 75, 75, 55, 105, 85, 30, 425),
(193, 'Yanma', 65, 65, 45, 75, 45, 95, 390),
(194, 'Wooper', 55, 45, 45, 25, 25, 15, 210),
(195, 'Quagsire', 95, 85, 85, 65, 65, 35, 430),
(196, 'Espeon', 65, 65, 60, 130, 95, 110, 525),
(197, 'Umbreon', 95, 65, 110, 60, 130, 65, 525),
(198, 'Murkrow', 60, 85, 42, 85, 42, 91, 405),
(199, 'Slowking', 95, 75, 80, 100, 110, 30, 490),
(200, 'Misdreavus', 60, 60, 60, 85, 85, 85, 435);

-- Generation III
INSERT INTO pokemon (pokemon_id, name, hp, attack, defense, sp_attack, sp_defense, speed, total) VALUES
(201, 'Unown', 48, 72, 48, 72, 48, 48, 336),
(202, 'Wobbuffet', 190, 33, 58, 33, 58, 33, 405),
(203, 'Girafarig', 70, 80, 65, 90, 65, 85, 455),
(204, 'Pineco', 50, 65, 90, 35, 35, 15, 290),
(205, 'Forretress', 75, 90, 140, 60, 60, 40, 465),
(206, 'Dunsparce', 100, 70, 70, 65, 65, 45, 415),
(207, 'Gligar', 65, 75, 105, 35, 65, 85, 430),
(208, 'Steelix', 75, 85, 200, 55, 65, 30, 510),
(209, 'Snubbull', 60, 80, 50, 40, 40, 30, 300),
(210, 'Granbull', 90, 120, 75, 60, 60, 45, 450),
(211, 'Qwilfish', 65, 95, 75, 55, 55, 85, 430),
(212, 'Scizor', 70, 130, 100, 55, 80, 65, 500),
(213, 'Shuckle', 20, 10, 230, 10, 230, 5, 505),
(214, 'Heracross', 80, 125, 75, 40, 95, 85, 500),
(215, 'Sneasel', 55, 95, 55, 35, 75, 115, 430),
(216, 'Teddiursa', 60, 80, 50, 50, 50, 40, 330),
(217, 'Ursaring', 90, 130, 75, 75, 75, 55, 500),
(218, 'Slugma', 40, 40, 40, 70, 40, 20, 250),
(219, 'Magcargo', 50, 50, 120, 80, 80, 30, 410),
(220, 'Swinub', 50, 50, 40, 30, 30, 50, 250),
(221, 'Piloswine', 100, 100, 80, 60, 60, 50, 450),
(222, 'Corsola', 55, 55, 85, 65, 85, 35, 380),
(223, 'Remoraid', 35, 65, 35, 65, 35, 65, 300),
(224, 'Octillery', 75, 105, 75, 105, 75, 45, 480),
(225, 'Delibird', 45, 55, 45, 65, 45, 75, 330),
(226, 'Mantine', 65, 40, 70, 80, 140, 70, 465),
(227, 'Skarmory', 65, 80, 140, 40, 70, 70, 465),
(228, 'Houndour', 45, 60, 30, 80, 50, 65, 330),
(229, 'Houndoom', 75, 90, 50, 110, 80, 95, 500),
(230, 'Kingdra', 75, 95, 95, 95, 95, 85, 540),
(231, 'Phanpy', 90, 60, 60, 40, 40, 40, 330),
(232, 'Donphan', 90, 120, 120, 60, 60, 50, 500),
(233, 'Porygon2', 85, 80, 90, 105, 95, 60, 515),
(234, 'Stantler', 73, 95, 62, 85, 65, 85, 465),
(235, 'Smeargle', 55, 20, 35, 20, 45, 75, 250),
(236, 'Tyrogue', 35, 35, 35, 35, 35, 35, 210),
(237, 'Hitmontop', 50, 95, 95, 35, 110, 70, 455),
(238, 'Smoochum', 45, 30, 15, 85, 65, 65, 305),
(239, 'Elekid', 45, 63, 37, 65, 55, 95, 360),
(240, 'Magby', 45, 75, 37, 70, 55, 83, 365),
(241, 'Miltank', 95, 80, 105, 40, 70, 100, 490),
(242, 'Blissey', 255, 10, 10, 75, 135, 55, 540),
(243, 'Raikou', 90, 85, 75, 115, 100, 115, 580),
(244, 'Entei', 115, 115, 85, 90, 75, 100, 580),
(245, 'Suicune', 100, 75, 115, 90, 115, 85, 580),
(246, 'Larvitar', 50, 64, 50, 45, 50, 41, 300),
(247, 'Pupitar', 70, 84, 70, 65, 70, 51, 410),
(248, 'Tyranitar', 100, 134, 110, 95, 100, 61, 600),
(249, 'Lugia', 106, 90, 130, 90, 154, 110, 680),
(250, 'Ho-Oh', 106, 130, 90, 110, 154, 90, 680),
(251, 'Celebi', 100, 100, 100, 100, 100, 100, 600);

-- Generation IV
INSERT INTO pokemon (pokemon_id, name, hp, attack, defense, sp_attack, sp_defense, speed, total) VALUES
(252, 'Treecko', 40, 45, 35, 65, 55, 70, 310),
(253, 'Grovyle', 50, 65, 45, 85, 65, 95, 405),
(254, 'Sceptile', 70, 85, 65, 105, 85, 120, 530),
(255, 'Torchic', 45, 60, 40, 70, 50, 45, 310),
(256, 'Combusken', 60, 85, 60, 85, 60, 55, 405),
(257, 'Blaziken', 80, 120, 70, 110, 70, 80, 530),
(258, 'Mudkip', 50, 70, 50, 50, 50, 40, 310),
(259, 'Marshtomp', 70, 85, 70, 60, 70, 50, 405),
(260, 'Swampert', 100, 110, 90, 85, 90, 60, 535),
(261, 'Poochyena', 35, 55, 35, 30, 30, 35, 220),
(262, 'Mightyena', 70, 90, 70, 60, 60, 70, 420),
(263, 'Zigzagoon', 38, 30, 41, 30, 41, 60, 240),
(264, 'Linoone', 78, 70, 61, 50, 61, 100, 420),
(265, 'Wurmple', 45, 45, 35, 20, 30, 20, 195),
(266, 'Silcoon', 50, 35, 55, 25, 25, 15, 205),
(267, 'Beautifly', 60, 70, 50, 100, 50, 65, 395),
(268, 'Cascoon', 50, 35, 55, 25, 25, 15, 205),
(269, 'Dustox', 60, 50, 70, 50, 90, 65, 385),
(270, 'Lotad', 40, 30, 30, 40, 50, 30, 220),
(271, 'Lombre', 60, 50, 50, 60, 70, 50, 340),
(272, 'Ludicolo', 80, 70, 70, 90, 100, 70, 480),
(273, 'Seedot', 40, 40, 50, 30, 30, 30, 220),
(274, 'Nuzleaf', 70, 70, 40, 60, 40, 60, 340),
(275, 'Shiftry', 90, 100, 60, 90, 60, 80, 480),
(276, 'Taillow', 40, 55, 30, 30, 30, 85, 270),
(277, 'Swellow', 60, 85, 60, 50, 50, 125, 430),
(278, 'Wingull', 40, 30, 30, 55, 30, 85, 270),
(279, 'Pelipper', 60, 50, 100, 85, 70, 65, 430),
(280, 'Ralts', 28, 25, 25, 45, 35, 40, 198),
(281, 'Kirlia', 38, 35, 35, 65, 55, 50, 278),
(282, 'Gardevoir', 68, 65, 65, 125, 115, 80, 518),
(283, 'Surskit', 40, 30, 32, 50, 52, 65, 269),
(284, 'Masquerain', 70, 60, 62, 80, 82, 60, 414),
(285, 'Shroomish', 60, 40, 60, 40, 60, 35, 295),
(286, 'Breloom', 60, 130, 80, 60, 60, 70, 460),
(287, 'Slakoth', 60, 60, 60, 35, 35, 30, 280),
(288, 'Vigoroth', 80, 80, 80, 55, 55, 90, 440),
(289, 'Slaking', 150, 160, 100, 95, 65, 100, 670),
(290, 'Nincada', 31, 45, 90, 30, 30, 40, 266),
(291, 'Ninjask', 61, 90, 45, 50, 50, 160, 456),
(292, 'Shedinja', 1, 90, 45, 30, 30, 40, 236),
(293, 'Whismur', 64, 51, 23, 51, 23, 28, 240),
(294, 'Loudred', 84, 71, 43, 71, 43, 48, 360),
(295, 'Exploud', 104, 91, 63, 91, 73, 68, 490),
(296, 'Makuhita', 72, 60, 30, 20, 30, 25, 237),
(297, 'Hariyama', 144, 120, 60, 40, 60, 50, 474),
(298, 'Azurill', 50, 20, 40, 20, 40, 20, 190),
(299, 'Nosepass', 30, 45, 135, 45, 90, 30, 375),
(300, 'Skitty', 50, 45, 45, 35, 35, 50, 260),
(301, 'Delcatty', 70, 65, 65, 55, 55, 70, 380),
(302, 'Sableye', 50, 75, 75, 65, 65, 50, 380),
(303, 'Mawile', 50, 85, 85, 55, 55, 50, 380),
(304, 'Aron', 50, 70, 100, 40, 40, 30, 330),
(305, 'Lairon', 60, 90, 140, 50, 50, 40, 430),
(306, 'Aggron', 70, 110, 180, 60, 60, 50, 530),
(307, 'Meditite', 30, 40, 55, 40, 55, 60, 280),
(308, 'Medicham', 60, 60, 75, 60, 75, 80, 410),
(309, 'Electrike', 40, 45, 40, 65, 40, 65, 295),
(310, 'Manectric', 70, 75, 60, 105, 60, 105, 475),
(311, 'Plusle', 60, 50, 40, 85, 75, 95, 405),
(312, 'Minun', 60, 40, 50, 75, 85, 95, 405),
(313, 'Volbeat', 65, 73, 55, 47, 75, 85, 400),
(314, 'Illumise', 65, 47, 55, 73, 75, 85, 400),
(315, 'Roselia', 50, 60, 45, 100, 80, 65, 400),
(316, 'Gulpin', 70, 43, 53, 43, 53, 40, 302),
(317, 'Swalot', 100, 73, 83, 73, 83, 55, 467),
(318, 'Carvanha', 45, 90, 20, 65, 20, 65, 305),
(319, 'Sharpedo', 70, 120, 40, 95, 40, 95, 460),
(320, 'Wailmer', 130, 70, 35, 70, 35, 60, 400),
(321, 'Wailord', 170, 90, 45, 90, 45, 60, 500),
(322, 'Numel', 60, 60, 40, 65, 45, 35, 305),
(323, 'Camerupt', 70, 100, 70, 105, 75, 40, 460),
(324, 'Torkoal', 70, 85, 140, 85, 70, 20, 470),
(325, 'Spoink', 60, 25, 35, 70, 80, 60, 330),
(326, 'Grumpig', 80, 45, 65, 90, 110, 80, 470),
(327, 'Spinda', 60, 60, 60, 60, 60, 60, 360),
(328, 'Trapinch', 45, 100, 45, 45, 45, 10, 290),
(329, 'Vibrava', 50, 70, 50, 50, 50, 70, 340),
(330, 'Flygon', 80, 100, 80, 80, 80, 100, 520),
(331, 'Cacnea', 50, 85, 40, 85, 40, 35, 335),
(332, 'Cacturne', 70, 115, 60, 115, 60, 55, 475),
(333, 'Swablu', 45, 40, 60, 40, 75, 50, 310),
(334, 'Altaria', 75, 70, 90, 70, 105, 80, 490),
(335, 'Zangoose', 73, 115, 60, 60, 60, 90, 458),
(336, 'Seviper', 73, 100, 60, 100, 60, 65, 458),
(337, 'Lunatone', 70, 55, 65, 95, 85, 70, 440),
(338, 'Solrock', 70, 95, 85, 55, 65, 70, 440),
(339, 'Barboach', 50, 48, 43, 46, 41, 60, 288),
(340, 'Whiscash', 110, 78, 73, 76, 71, 60, 468),
(341, 'Corphish', 43, 80, 65, 50, 35, 35, 308),
(342, 'Crawdaunt', 63, 120, 85, 90, 55, 55, 468),
(343, 'Baltoy', 40, 40, 55, 40, 70, 55, 300),
(344, 'Claydol', 60, 70, 105, 70, 120, 75, 500),
(345, 'Lileep', 66, 41, 77, 61, 87, 23, 355),
(346, 'Cradily', 86, 81, 97, 81, 107, 43, 495),
(347, 'Anorith', 45, 95, 50, 40, 50, 75, 355),
(348, 'Armaldo', 75, 125, 100, 70, 80, 45, 495),
(349, 'Feebas', 20, 15, 20, 10, 55, 80, 200),
(350, 'Milotic', 95, 60, 79, 100, 125, 81, 540),
(351, 'Castform', 70, 70, 70, 70, 70, 70, 420),
(352, 'Kecleon', 60, 90, 70, 60, 120, 40, 440),
(353, 'Shuppet', 44, 75, 35, 63, 33, 45, 295),
(354, 'Banette', 64, 115, 65, 83, 63, 65, 455),
(355, 'Duskull', 20, 40, 90, 30, 90, 25, 295),
(356, 'Dusclops', 40, 70, 130, 60, 130, 25, 455),
(357, 'Tropius', 99, 68, 83, 72, 87, 51, 460),
(358, 'Chimecho', 65, 50, 70, 95, 80, 65, 425),
(359, 'Absol', 65, 130, 60, 75, 60, 75, 465),
(360, 'Wynaut', 95, 23, 48, 23, 48, 23, 260),
(361, 'Snorunt', 50, 50, 50, 50, 50, 50, 300),
(362, 'Glalie', 80, 80, 80, 80, 80, 80, 480),
(363, 'Spheal', 70, 40, 50, 55, 50, 25, 290),
(364, 'Sealeo', 90, 60, 70, 75, 70, 45, 410),
(365, 'Walrein', 110, 80, 90, 95, 90, 65, 530),
(366, 'Clamperl', 35, 64, 85, 74, 55, 32, 345),
(367, 'Huntail', 55, 104, 105, 94, 75, 52, 485),
(368, 'Gorebyss', 55, 84, 105, 114, 75, 52, 485),
(369, 'Relicanth', 100, 90, 130, 45, 65, 55, 485),
(370, 'Luvdisc', 43, 30, 55, 40, 65, 97, 330),
(371, 'Bagon', 45, 75, 60, 40, 30, 50, 300),
(372, 'Shelgon', 65, 95, 100, 60, 50, 50, 420),
(373, 'Salamence', 95, 135, 80, 110, 80, 100, 600),
(374, 'Beldum', 40, 55, 80, 35, 60, 30, 300),
(375, 'Metang', 60, 75, 100, 55, 80, 50, 420),
(376, 'Metagross', 80, 135, 130, 95, 90, 70, 600),
(377, 'Regirock', 80, 100, 200, 50, 100, 50, 580),
(378, 'Regice', 80, 50, 100, 100, 200, 50, 580),
(379, 'Registeel', 80, 75, 150, 75, 150, 50, 580),
(380, 'Latias', 80, 80, 90, 110, 130, 110, 600),
(381, 'Latios', 80, 90, 80, 130, 110, 110, 600),
(382, 'Kyogre', 100, 100, 90, 150, 140, 90, 670),
(383, 'Groudon', 100, 150, 140, 100, 90, 90, 670),
(384, 'Rayquaza', 105, 150, 90, 150, 90, 95, 680),
(385, 'Jirachi', 100, 100, 100, 100, 100, 100, 600),
(386, 'Deoxys', 50, 150, 50, 150, 50, 150, 600);

-- Generation V
INSERT INTO pokemon (pokemon_id, name, hp, attack, defense, sp_attack, sp_defense, speed, total) VALUES
(387, 'Turtwig', 55, 68, 64, 45, 55, 31, 318),
(388, 'Grotle', 75, 89, 85, 55, 65, 36, 405),
(389, 'Torterra', 95, 109, 105, 75, 85, 56, 525),
(390, 'Chimchar', 44, 58, 44, 58, 44, 61, 309),
(391, 'Monferno', 64, 78, 52, 78, 52, 81, 405),
(392, 'Infernape', 76, 104, 71, 104, 71, 108, 534),
(393, 'Piplup', 53, 51, 53, 61, 56, 40, 314),
(394, 'Prinplup', 64, 66, 68, 81, 76, 50, 405),
(395, 'Empoleon', 84, 86, 88, 111, 101, 60, 530),
(396, 'Starly', 40, 55, 30, 30, 30, 60, 245),
(397, 'Staravia', 55, 75, 50, 40, 40, 80, 340),
(398, 'Staraptor', 85, 120, 70, 50, 60, 100, 485),
(399, 'Bidoof', 59, 45, 40, 35, 40, 31, 250),
(400, 'Bibarel', 79, 85, 60, 55, 60, 71, 410),
(401, 'Kricketot', 37, 25, 41, 25, 41, 25, 194),
(402, 'Kricketune', 77, 85, 51, 55, 51, 65, 384),
(403, 'Shinx', 45, 65, 34, 40, 34, 45, 263),
(404, 'Luxio', 60, 85, 49, 60, 49, 60, 363),
(405, 'Luxray', 80, 120, 79, 95, 79, 70, 523),
(406, 'Budew', 40, 30, 35, 50, 70, 55, 280),
(407, 'Roserade', 60, 70, 65, 125, 105, 90, 515),
(408, 'Cranidos', 67, 125, 40, 30, 30, 58, 350),
(409, 'Rampardos', 97, 165, 60, 65, 50, 58, 495),
(410, 'Shieldon', 30, 42, 118, 42, 88, 30, 350),
(411, 'Bastiodon', 60, 52, 168, 47, 138, 30, 495),
(412, 'Burmy', 40, 29, 45, 29, 45, 36, 224),
(413, 'Wormadam', 60, 59, 85, 79, 105, 36, 424),
(414, 'Mothim', 70, 94, 50, 94, 50, 66, 424),
(415, 'Combee', 30, 30, 42, 30, 42, 70, 244),
(416, 'Vespiquen', 70, 80, 102, 80, 102, 40, 474),
(417, 'Pachirisu', 60, 45, 70, 45, 90, 95, 405),
(418, 'Buizel', 55, 65, 35, 60, 30, 85, 330),
(419, 'Floatzel', 85, 105, 55, 85, 50, 115, 495),
(420, 'Cherubi', 45, 35, 45, 62, 53, 35, 275),
(421, 'Cherrim', 70, 60, 70, 87, 78, 85, 450),
(422, 'Shellos', 76, 48, 48, 57, 62, 34, 325),
(423, 'Gastrodon', 111, 83, 68, 92, 82, 39, 475),
(424, 'Ambipom', 75, 100, 66, 60, 66, 115, 482),
(425, 'Drifloon', 90, 50, 34, 60, 44, 70, 348),
(426, 'Drifblim', 150, 80, 44, 90, 54, 80, 498),
(427, 'Buneary', 55, 66, 44, 44, 56, 85, 350),
(428, 'Lopunny', 65, 76, 84, 54, 96, 105, 480),
(429, 'Mismagius', 60, 60, 60, 105, 105, 105, 495),
(430, 'Honchkrow', 100, 125, 52, 105, 52, 71, 505),
(431, 'Glameow', 49, 55, 42, 42, 37, 85, 310),
(432, 'Purugly', 71, 82, 64, 64, 59, 112, 452),
(433, 'Chingling', 45, 30, 50, 65, 50, 45, 285),
(434, 'Stunky', 63, 63, 47, 41, 41, 74, 329),
(435, 'Skuntank', 103, 93, 67, 71, 61, 84, 479),
(436, 'Bronzor', 57, 24, 86, 24, 86, 23, 300),
(437, 'Bronzong', 67, 89, 116, 79, 116, 33, 500),
(438, 'Bonsly', 50, 80, 95, 10, 45, 10, 290),
(439, 'Mime Jr.', 20, 25, 45, 70, 90, 60, 310),
(440, 'Happiny', 100, 5, 5, 15, 65, 30, 220),
(441, 'Chatot', 76, 65, 45, 92, 42, 91, 411),
(442, 'Spiritomb', 50, 92, 108, 92, 108, 35, 485),
(443, 'Gible', 58, 70, 45, 40, 45, 42, 300),
(444, 'Gabite', 68, 90, 65, 50, 55, 82, 410),
(445, 'Garchomp', 108, 130, 95, 80, 85, 102, 600),
(446, 'Munchlax', 135, 85, 40, 40, 85, 5, 390),
(447, 'Riolu', 40, 70, 40, 35, 40, 60, 285),
(448, 'Lucario', 70, 110, 70, 115, 70, 90, 525),
(449, 'Hippopotas', 68, 72, 78, 38, 42, 32, 330),
(450, 'Hippowdon', 108, 112, 118, 68, 72, 47, 525),
(451, 'Skorupi', 40, 50, 90, 30, 55, 65, 330),
(452, 'Drapion', 70, 90, 110, 60, 75, 95, 500),
(453, 'Croagunk', 48, 61, 40, 61, 40, 50, 300),
(454, 'Toxicroak', 83, 106, 65, 86, 65, 85, 490),
(455, 'Carnivine', 74, 100, 72, 90, 72, 46, 454),
(456, 'Finneon', 49, 49, 56, 49, 61, 66, 330),
(457, 'Lumineon', 69, 69, 76, 69, 86, 91, 460),
(458, 'Mantyke', 45, 20, 50, 60, 120, 50, 345),
(459, 'Snover', 60, 62, 50, 62, 60, 40, 334),
(460, 'Abomasnow', 90, 92, 75, 92, 85, 60, 494),
(461, 'Weavile', 70, 120, 65, 45, 85, 125, 510),
(462, 'Magnezone', 70, 70, 115, 130, 90, 60, 535),
(463, 'Lickilicky', 110, 85, 95, 80, 95, 50, 515),
(464, 'Rhyperior', 115, 140, 130, 55, 55, 40, 535),
(465, 'Tangrowth', 100, 100, 125, 110, 50, 50, 535),
(466, 'Electivire', 75, 123, 67, 95, 85, 95, 540),
(467, 'Magmortar', 75, 95, 67, 125, 95, 83, 540),
(468, 'Togekiss', 85, 50, 95, 120, 115, 80, 545),
(469, 'Yanmega', 86, 76, 86, 116, 56, 95, 515),
(470, 'Leafeon', 65, 110, 130, 60, 65, 95, 525),
(471, 'Glaceon', 65, 60, 110, 130, 95, 65, 525),
(472, 'Gliscor', 75, 95, 125, 45, 75, 95, 510),
(473, 'Mamoswine', 110, 130, 80, 70, 60, 80, 530),
(474, 'Porygon-Z', 85, 80, 70, 135, 75, 90, 535),
(475, 'Gallade', 68, 125, 65, 65, 115, 80, 518),
(476, 'Probopass', 60, 55, 145, 75, 150, 40, 525),
(477, 'Dusknoir', 45, 100, 135, 65, 135, 45, 525),
(478, 'Froslass', 70, 80, 70, 80, 70, 110, 480),
(479, 'Rotom', 50, 50, 77, 95, 77, 91, 440),
(480, 'Uxie', 75, 75, 130, 75, 130, 95, 580),
(481, 'Mesprit', 80, 105, 105, 105, 105, 80, 580),
(482, 'Azelf', 75, 125, 70, 125, 70, 115, 580),
(483, 'Dialga', 100, 120, 120, 150, 100, 90, 680),
(484, 'Palkia', 90, 120, 100, 150, 120, 100, 680),
(485, 'Heatran', 91, 90, 106, 130, 106, 77, 600),
(486, 'Regigigas', 110, 160, 110, 80, 110, 100, 670),
(487, 'Giratina', 150, 100, 120, 100, 120, 90, 680),
(488, 'Cresselia', 120, 70, 120, 75, 130, 85, 600),
(489, 'Phione', 80, 80, 80, 80, 80, 80, 480),
(490, 'Manaphy', 100, 100, 100, 100, 100, 100, 600),
(491, 'Darkrai', 70, 90, 90, 135, 90, 125, 600),
(492, 'Shaymin', 100, 100, 100, 100, 100, 100, 600),
(493, 'Arceus', 120, 120, 120, 120, 120, 120, 720);

-- Generation VI
INSERT INTO pokemon (pokemon_id, name, hp, attack, defense, sp_attack, sp_defense, speed, total) VALUES
(494, 'Victini', 100, 100, 100, 100, 100, 100, 600),
(495, 'Snivy', 45, 45, 55, 45, 55, 63, 308),
(496, 'Servine', 60, 60, 75, 60, 75, 83, 413),
(497, 'Serperior', 75, 75, 95, 75, 95, 113, 528),
(498, 'Tepig', 65, 63, 45, 45, 45, 45, 308),
(499, 'Pignite', 90, 93, 55, 70, 55, 55, 418),
(500, 'Emboar', 110, 123, 65, 100, 65, 65, 528),
(501, 'Oshawott', 55, 55, 45, 63, 45, 45, 308),
(502, 'Dewott', 75, 75, 60, 83, 60, 60, 413),
(503, 'Samurott', 95, 100, 85, 108, 70, 70, 528),
(504, 'Patrat', 45, 55, 39, 35, 39, 42, 255),
(505, 'Watchog', 60, 85, 69, 60, 69, 77, 420),
(506, 'Lillipup', 45, 60, 45, 25, 45, 55, 275),
(507, 'Herdier', 65, 80, 65, 35, 65, 60, 370),
(508, 'Stoutland', 85, 110, 90, 45, 90, 80, 500),
(509, 'Purrloin', 41, 50, 37, 50, 37, 66, 281),
(510, 'Liepard', 64, 88, 50, 88, 50, 106, 446),
(511, 'Pansage', 50, 53, 48, 53, 48, 64, 316),
(512, 'Simisage', 75, 98, 63, 98, 63, 101, 498),
(513, 'Pansear', 50, 53, 48, 53, 48, 64, 316),
(514, 'Simisear', 75, 98, 63, 98, 63, 101, 498),
(515, 'Panpour', 50, 53, 48, 53, 48, 64, 316),
(516, 'Simipour', 75, 98, 63, 98, 63, 101, 498),
(517, 'Munna', 76, 25, 45, 67, 55, 24, 292),
(518, 'Musharna', 116, 55, 85, 107, 95, 29, 487),
(519, 'Pidove', 50, 55, 50, 36, 30, 43, 264),
(520, 'Tranquill', 62, 77, 62, 50, 42, 65, 358),
(521, 'Unfezant', 80, 115, 80, 65, 55, 93, 488),
(522, 'Blitzle', 45, 60, 32, 50, 32, 76, 295),
(523, 'Zebstrika', 75, 100, 63, 80, 63, 116, 497),
(524, 'Roggenrola', 55, 75, 85, 25, 25, 15, 280),
(525, 'Boldore', 70, 105, 105, 50, 40, 20, 390),
(526, 'Gigalith', 85, 135, 130, 60, 80, 25, 515),
(527, 'Woobat', 55, 45, 43, 55, 43, 72, 313),
(528, 'Swoobat', 67, 57, 55, 77, 55, 114, 425),
(529, 'Drilbur', 60, 85, 40, 30, 45, 68, 328),
(530, 'Excadrill', 110, 135, 60, 50, 65, 88, 508),
(531, 'Audino', 103, 60, 86, 60, 86, 50, 445),
(532, 'Timburr', 75, 80, 55, 25, 35, 35, 305),
(533, 'Gurdurr', 85, 105, 85, 40, 50, 40, 405),
(534, 'Conkeldurr', 105, 140, 95, 55, 65, 45, 505),
(535, 'Tympole', 50, 50, 40, 50, 40, 64, 294),
(536, 'Palpitoad', 75, 65, 55, 65, 55, 69, 384),
(537, 'Seismitoad', 105, 95, 75, 85, 75, 74, 509),
(538, 'Throh', 120, 100, 85, 30, 85, 45, 465),
(539, 'Sawk', 75, 125, 75, 30, 75, 85, 465),
(540, 'Sewaddle', 45, 53, 70, 40, 60, 42, 310),
(541, 'Swadloon', 55, 63, 90, 50, 80, 42, 380),
(542, 'Leavanny', 75, 103, 80, 70, 80, 92, 500),
(543, 'Venipede', 30, 45, 59, 30, 39, 57, 260),
(544, 'Whirlipede', 40, 55, 99, 40, 79, 47, 360),
(545, 'Scolipede', 60, 100, 89, 55, 69, 112, 485),
(546, 'Cottonee', 40, 27, 60, 37, 50, 66, 280),
(547, 'Whimsicott', 60, 67, 85, 77, 75, 116, 480),
(548, 'Petilil', 45, 35, 50, 70, 50, 30, 280),
(549, 'Lilligant', 70, 60, 75, 110, 75, 90, 480),
(550, 'Basculin', 70, 92, 65, 80, 55, 98, 460),
(551, 'Sandile', 50, 72, 35, 35, 35, 65, 292),
(552, 'Krokorok', 60, 82, 45, 45, 45, 74, 351),
(553, 'Krookodile', 95, 117, 80, 65, 70, 92, 519),
(554, 'Darumaka', 70, 90, 45, 15, 45, 50, 315),
(555, 'Darmanitan', 105, 140, 55, 30, 55, 95, 480),
(556, 'Maractus', 75, 86, 67, 106, 67, 60, 461),
(557, 'Dwebble', 50, 65, 85, 35, 35, 55, 325),
(558, 'Crustle', 70, 95, 125, 65, 75, 45, 475),
(559, 'Scraggy', 50, 75, 70, 35, 70, 48, 348),
(560, 'Scrafty', 65, 90, 115, 45, 115, 58, 488),
(561, 'Sigilyph', 72, 58, 80, 103, 80, 97, 490),
(562, 'Yamask', 38, 30, 85, 55, 65, 30, 303),
(563, 'Cofagrigus', 58, 50, 145, 95, 105, 30, 483),
(564, 'Tirtouga', 54, 78, 103, 53, 45, 22, 355),
(565, 'Carracosta', 74, 108, 133, 83, 65, 32, 495),
(566, 'Archen', 55, 112, 45, 74, 45, 70, 401),
(567, 'Archeops', 75, 140, 65, 112, 65, 110, 567),
(568, 'Trubbish', 50, 50, 62, 40, 62, 65, 329),
(569, 'Garbodor', 80, 95, 82, 60, 82, 75, 474),
(570, 'Zorua', 40, 65, 40, 80, 40, 65, 330),
(571, 'Zoroark', 60, 105, 60, 120, 60, 105, 510),
(572, 'Minccino', 55, 50, 40, 40, 40, 75, 300),
(573, 'Cinccino', 75, 95, 60, 65, 60, 115, 470),
(574, 'Gothita', 45, 30, 50, 55, 65, 45, 290),
(575, 'Gothorita', 60, 45, 70, 75, 85, 55, 390),
(576, 'Gothitelle', 70, 55, 95, 95, 110, 65, 490),
(577, 'Solosis', 45, 30, 40, 105, 50, 20, 290),
(578, 'Duosion', 65, 40, 50, 125, 60, 30, 370),
(579, 'Reuniclus', 110, 65, 75, 125, 85, 30, 490),
(580, 'Ducklett', 62, 44, 50, 44, 50, 55, 305),
(581, 'Swanna', 75, 87, 63, 87, 63, 98, 473),
(582, 'Vanillite', 36, 50, 50, 65, 60, 44, 305),
(583, 'Vanillish', 51, 65, 65, 80, 75, 59, 395),
(584, 'Vanilluxe', 71, 95, 85, 110, 95, 79, 535),
(585, 'Deerling', 60, 60, 50, 40, 50, 75, 335),
(586, 'Sawsbuck', 80, 100, 70, 60, 70, 95, 475),
(587, 'Emolga', 55, 75, 60, 75, 60, 103, 428),
(588, 'Karrablast', 50, 75, 45, 40, 45, 60, 315),
(589, 'Escavalier', 70, 135, 105, 60, 105, 20, 495),
(590, 'Foongus', 69, 55, 45, 55, 55, 15, 294),
(591, 'Amoonguss', 114, 85, 70, 85, 80, 30, 464),
(592, 'Frillish', 55, 40, 50, 65, 85, 40, 335),
(593, 'Jellicent', 100, 60, 70, 85, 105, 60, 480),
(594, 'Alomomola', 165, 75, 80, 40, 45, 65, 480),
(595, 'Joltik', 50, 47, 50, 57, 50, 65, 319),
(596, 'Galvantula', 70, 77, 60, 97, 60, 108, 472),
(597, 'Ferroseed', 44, 50, 91, 24, 86, 10, 305),
(598, 'Ferrothorn', 74, 94, 131, 54, 116, 20, 489),
(599, 'Klink', 40, 55, 70, 45, 60, 30, 300),
(600, 'Klang', 60, 80, 95, 70, 85, 50, 440),
(601, 'Klinklang', 60, 100, 115, 70, 85, 90, 520),
(602, 'Tynamo', 35, 55, 40, 45, 40, 60, 275),
(603, 'Eelektrik', 65, 85, 70, 75, 70, 40, 405),
(604, 'Eelektross', 85, 115, 80, 105, 80, 50, 515),
(605, 'Elgyem', 55, 55, 55, 85, 55, 30, 335),
(606, 'Beheeyem', 75, 75, 75, 125, 95, 40, 485),
(607, 'Litwick', 50, 30, 55, 65, 55, 20, 275),
(608, 'Lampent', 60, 40, 60, 95, 60, 55, 370),
(609, 'Chandelure', 60, 55, 90, 145, 90, 80, 520),
(610, 'Axew', 46, 87, 60, 30, 40, 57, 320),
(611, 'Fraxure', 66, 117, 70, 40, 50, 67, 410),
(612, 'Haxorus', 76, 147, 90, 60, 70, 97, 540),
(613, 'Cubchoo', 55, 70, 40, 60, 40, 40, 305),
(614, 'Beartic', 95, 110, 80, 70, 80, 50, 485),
(615, 'Cryogonal', 80, 50, 50, 95, 135, 105, 515),
(616, 'Shelmet', 50, 40, 85, 40, 65, 25, 305),
(617, 'Accelgor', 80, 70, 40, 100, 60, 145, 495),
(618, 'Stunfisk', 109, 66, 84, 81, 99, 32, 471),
(619, 'Mienfoo', 45, 85, 50, 55, 50, 65, 350),
(620, 'Mienshao', 65, 125, 60, 95, 60, 105, 510),
(621, 'Druddigon', 77, 120, 90, 60, 90, 48, 485),
(622, 'Golett', 59, 74, 50, 35, 50, 35, 303),
(623, 'Golurk', 89, 124, 80, 55, 80, 55, 483),
(624, 'Pawniard', 45, 85, 70, 40, 40, 60, 340),
(625, 'Bisharp', 65, 125, 100, 60, 70, 70, 490),
(626, 'Bouffalant', 95, 110, 95, 40, 95, 55, 490),
(627, 'Rufflet', 70, 83, 50, 37, 50, 60, 350),
(628, 'Braviary', 100, 123, 75, 57, 75, 80, 510),
(629, 'Vullaby', 70, 55, 75, 45, 65, 60, 370),
(630, 'Mandibuzz', 110, 65, 105, 55, 95, 80, 510),
(631, 'Heatmor', 85, 97, 66, 105, 66, 65, 484),
(632, 'Durant', 58, 109, 112, 48, 48, 109, 484),
(633, 'Deino', 52, 65, 50, 45, 50, 38, 300),
(634, 'Zweilous', 72, 85, 70, 65, 70, 58, 420),
(635, 'Hydreigon', 92, 105, 90, 125, 90, 98, 600),
(636, 'Larvesta', 55, 85, 55, 50, 55, 60, 360),
(637, 'Volcarona', 85, 60, 65, 135, 105, 100, 550),
(638, 'Cobalion', 91, 90, 129, 90, 72, 108, 580),
(639, 'Terrakion', 91, 129, 90, 72, 90, 108, 580),
(640, 'Virizion', 91, 90, 72, 90, 129, 108, 580),
(641, 'Tornadus Incarnate', 79, 115, 70, 125, 80, 111, 580),
(642, 'Thundurus Incarnate', 79, 115, 70, 125, 80, 111, 580),
(643, 'Reshiram', 100, 120, 100, 150, 120, 90, 680),
(644, 'Zekrom', 100, 150, 120, 120, 100, 90, 680),
(645, 'Landorus Incarnate', 89, 125, 90, 115, 80, 101, 600),
(646, 'Kyurem', 125, 130, 90, 130, 90, 95, 660),
(647, 'Keldeo', 91, 72, 90, 129, 90, 108, 580),
(648, 'Meloetta', 100, 77, 77, 128, 128, 90, 600),
(649, 'Genesect', 71, 120, 95, 120, 95, 99, 600);

-- Generation VII
INSERT INTO pokemon (pokemon_id, name, hp, attack, defense, sp_attack, sp_defense, speed, total) VALUES
(650, 'Chespin', 56, 61, 65, 48, 45, 38, 313),
(651, 'Quilladin', 61, 78, 95, 56, 58, 57, 405),
(652, 'Chesnaught', 88, 107, 122, 74, 75, 64, 530),
(653, 'Fennekin', 40, 45, 40, 62, 60, 60, 307),
(654, 'Braixen', 59, 59, 58, 90, 70, 73, 409),
(655, 'Delphox', 75, 69, 72, 114, 100, 104, 534),
(656, 'Froakie', 41, 56, 40, 62, 44, 71, 314),
(657, 'Frogadier', 54, 63, 52, 83, 56, 97, 405),
(658, 'Greninja', 72, 95, 67, 103, 71, 122, 530),
(659, 'Bunnelby', 38, 36, 38, 32, 36, 57, 237),
(660, 'Diggersby', 85, 56, 77, 50, 77, 78, 423),
(661, 'Fletchling', 45, 50, 43, 40, 38, 62, 278),
(662, 'Fletchinder', 62, 73, 55, 56, 52, 84, 382),
(663, 'Talonflame', 78, 81, 71, 74, 69, 126, 499),
(664, 'Scatterbug', 38, 35, 40, 27, 25, 35, 200),
(665, 'Spewpa', 45, 22, 60, 27, 30, 29, 213),
(666, 'Vivillon', 80, 52, 50, 90, 50, 89, 411),
(667, 'Litleo', 62, 50, 58, 73, 54, 72, 369),
(668, 'Pyroar', 86, 68, 72, 109, 66, 106, 507),
(669, 'Flabebe', 44, 38, 39, 61, 79, 42, 303),
(670, 'Floette', 54, 45, 47, 75, 98, 52, 371),
(671, 'Florges', 78, 65, 68, 112, 154, 75, 552),
(672, 'Skiddo', 66, 65, 48, 62, 57, 52, 350),
(673, 'Gogoat', 123, 100, 62, 97, 81, 68, 531),
(674, 'Pancham', 67, 82, 62, 46, 48, 43, 348),
(675, 'Pangoro', 95, 124, 78, 69, 71, 58, 495),
(676, 'Furfrou', 75, 80, 60, 65, 90, 102, 472),
(677, 'Espurr', 62, 48, 54, 63, 60, 68, 355),
(678, 'Meowstic', 74, 48, 76, 83, 81, 104, 466),
(679, 'Honedge', 45, 80, 100, 35, 37, 28, 325),
(680, 'Doublade', 59, 110, 150, 45, 49, 35, 448),
(681, 'Aegislash Blade', 60, 150, 50, 150, 50, 60, 520),
(682, 'Spritzee', 78, 52, 60, 63, 65, 23, 341),
(683, 'Aromatisse', 101, 72, 72, 99, 89, 29, 462),
(684, 'Swirlix', 62, 48, 66, 59, 57, 49, 341),
(685, 'Slurpuff', 82, 80, 86, 85, 75, 72, 480),
(686, 'Inkay', 53, 54, 53, 37, 46, 45, 288),
(687, 'Malamar', 86, 92, 88, 68, 75, 73, 482),
(688, 'Binacle', 42, 52, 67, 39, 56, 50, 306),
(689, 'Barbaracle', 72, 105, 115, 54, 86, 68, 500),
(690, 'Skrelp', 50, 60, 60, 60, 60, 30, 320),
(691, 'Dragalge', 65, 75, 90, 97, 123, 44, 494),
(692, 'Clauncher', 50, 53, 62, 58, 63, 44, 330),
(693, 'Clawitzer', 71, 73, 88, 120, 89, 59, 500),
(694, 'Helioptile', 44, 38, 33, 61, 43, 70, 289),
(695, 'Heliolisk', 62, 55, 52, 109, 94, 109, 481),
(696, 'Tyrunt', 58, 89, 77, 45, 45, 48, 362),
(697, 'Tyrantrum', 82, 121, 119, 69, 59, 71, 521),
(698, 'Amaura', 77, 59, 50, 67, 63, 46, 362),
(699, 'Aurorus', 123, 77, 72, 99, 92, 58, 521),
(700, 'Sylveon', 95, 65, 65, 110, 130, 60, 525),
(701, 'Hawlucha', 78, 92, 75, 74, 63, 118, 500),
(702, 'Dedenne', 67, 58, 57, 81, 67, 101, 431),
(703, 'Carbink', 50, 50, 150, 50, 150, 50, 500),
(704, 'Goomy', 45, 50, 35, 55, 75, 40, 300),
(705, 'Sliggoo', 68, 75, 53, 83, 113, 60, 452),
(706, 'Goodra', 90, 100, 70, 110, 150, 80, 600),
(707, 'Klefki', 57, 80, 91, 80, 87, 75, 470),
(708, 'Phantump', 43, 70, 48, 50, 60, 38, 309),
(709, 'Trevenant', 85, 110, 76, 65, 82, 56, 474),
(710, 'Pumpkaboo', 49, 66, 70, 44, 55, 51, 335),
(711, 'Gourgeist', 65, 90, 122, 58, 75, 84, 494),
(712, 'Bergmite', 55, 69, 85, 32, 35, 28, 304),
(713, 'Avalugg', 95, 117, 184, 44, 46, 28, 514),
(714, 'Noibat', 40, 30, 35, 45, 40, 55, 245),
(715, 'Noivern', 85, 70, 80, 97, 80, 123, 535),
(716, 'Xerneas', 126, 131, 95, 131, 98, 99, 680),
(717, 'Yveltal', 126, 131, 95, 131, 98, 99, 680),
(718, 'Zygarde Complete', 216, 100, 121, 91, 95, 85, 708),
(719, 'Diancie', 50, 100, 150, 100, 150, 50, 600),
(720, 'Hoopa Unbound', 80, 160, 60, 170, 130, 80, 680),
(721, 'Volcanion', 80, 110, 120, 130, 90, 70, 600);

-- Generation VIII
INSERT INTO pokemon (pokemon_id, name, hp, attack, defense, sp_attack, sp_defense, speed, total) VALUES
(722, 'Rowlet', 68, 55, 55, 50, 50, 42, 320),
(723, 'Dartrix', 78, 75, 75, 70, 70, 52, 420),
(724, 'Decidueye', 78, 107, 75, 100, 100, 70, 530),
(725, 'Litten', 45, 65, 40, 60, 40, 70, 320),
(726, 'Torracat', 65, 85, 50, 80, 50, 90, 420),
(727, 'Incineroar', 95, 115, 90, 80, 90, 60, 530),
(728, 'Popplio', 50, 54, 54, 66, 56, 40, 320),
(729, 'Brionne', 60, 69, 69, 91, 81, 50, 420),
(730, 'Primarina', 80, 74, 74, 126, 116, 60, 530),
(731, 'Pikipek', 35, 75, 30, 30, 30, 65, 265),
(732, 'Trumbeak', 55, 85, 50, 40, 50, 75, 355),
(733, 'Toucannon', 80, 120, 75, 75, 75, 60, 485),
(734, 'Yungoos', 48, 70, 30, 30, 30, 45, 253),
(735, 'Gumshoos', 88, 110, 60, 55, 60, 45, 418),
(736, 'Grubbin', 47, 62, 45, 55, 45, 46, 300),
(737, 'Charjabug', 57, 82, 95, 55, 75, 36, 400),
(738, 'Vikavolt', 77, 70, 90, 145, 75, 43, 500),
(739, 'Crabrawler', 47, 82, 57, 42, 47, 63, 338),
(740, 'Crabominable', 97, 132, 77, 62, 67, 43, 478),
(741, 'Oricorio', 75, 70, 70, 98, 70, 93, 476),
(742, 'Cutiefly', 40, 45, 40, 55, 40, 84, 304),
(743, 'Ribombee', 60, 55, 60, 95, 70, 124, 464),
(744, 'Rockruff', 45, 65, 40, 30, 40, 60, 280),
(745, 'Lycanroc', 75, 115, 65, 55, 65, 112, 487),
(746, 'Wishiwashi School', 45, 140, 130, 140, 135, 30, 620),
(747, 'Mareanie', 50, 53, 62, 43, 52, 45, 305),
(748, 'Toxapex', 50, 63, 152, 53, 142, 35, 495),
(749, 'Mudbray', 70, 100, 70, 45, 55, 45, 385),
(750, 'Mudsdale', 100, 125, 100, 55, 85, 35, 500),
(751, 'Dewpider', 38, 40, 52, 40, 72, 27, 269),
(752, 'Araquanid', 68, 70, 92, 50, 132, 42, 454),
(753, 'Fomantis', 40, 55, 35, 50, 35, 35, 250),
(754, 'Lurantis', 70, 105, 90, 80, 90, 45, 480),
(755, 'Morelull', 40, 35, 55, 65, 75, 15, 285),
(756, 'Shiinotic', 60, 45, 80, 90, 100, 30, 405),
(757, 'Salandit', 48, 44, 40, 71, 40, 77, 320),
(758, 'Salazzle', 68, 64, 60, 111, 60, 117, 480),
(759, 'Stufful', 70, 75, 50, 45, 50, 50, 340),
(760, 'Bewear', 120, 125, 80, 55, 60, 60, 500),
(761, 'Bounsweet', 42, 30, 38, 30, 38, 32, 210),
(762, 'Steenee', 52, 40, 48, 40, 48, 62, 290),
(763, 'Tsareena', 72, 120, 98, 50, 98, 72, 510),
(764, 'Comfey', 51, 52, 90, 82, 110, 100, 485),
(765, 'Oranguru', 90, 60, 80, 90, 110, 60, 490),
(766, 'Passimian', 100, 120, 90, 40, 60, 80, 490),
(767, 'Wimpod', 25, 35, 40, 20, 30, 80, 230),
(768, 'Golisopod', 75, 125, 140, 60, 90, 40, 530),
(769, 'Sandygast', 55, 55, 80, 70, 45, 15, 320),
(770, 'Palossand', 85, 75, 110, 100, 75, 35, 480),
(771, 'Pyukumuku', 55, 60, 130, 30, 130, 5, 410),
(772, 'Type: Null', 95, 95, 95, 95, 95, 59, 534),
(773, 'Silvally', 95, 95, 95, 95, 95, 95, 534),
(774, 'Minior', 60, 60, 100, 60, 100, 60, 440),
(775, 'Komala', 65, 115, 65, 75, 95, 65, 480),
(776, 'Turtonator', 60, 78, 135, 91, 85, 36, 485),
(777, 'Togedemaru', 65, 98, 63, 40, 73, 96, 435),
(778, 'Mimikyu Disguised', 55, 90, 80, 50, 105, 96, 476),
(779, 'Bruxish', 68, 105, 70, 70, 70, 92, 475),
(780, 'Drampa', 78, 60, 85, 135, 91, 36, 485),
(781, 'Dhelmise', 70, 131, 100, 86, 90, 40, 517),
(782, 'Jangmo-o', 45, 55, 65, 45, 45, 45, 300),
(783, 'Hakamo-o', 55, 75, 90, 65, 70, 65, 420),
(784, 'Kommo-o', 75, 110, 125, 100, 105, 85, 600),
(785, 'Tapu Koko', 70, 115, 85, 95, 75, 130, 570),
(786, 'Tapu Lele', 70, 85, 75, 130, 115, 95, 570),
(787, 'Tapu Bulu', 70, 130, 115, 85, 95, 75, 570),
(788, 'Tapu Fini', 70, 75, 115, 95, 130, 85, 570),
(789, 'Cosmog', 43, 29, 31, 29, 31, 37, 200),
(790, 'Cosmoem', 43, 29, 131, 29, 131, 37, 400),
(791, 'Solgaleo', 137, 137, 107, 113, 89, 97, 680),
(792, 'Lunala', 137, 113, 89, 137, 107, 97, 680),
(793, 'Nihilego', 109, 53, 47, 127, 131, 103, 570),
(794, 'Buzzwole', 107, 139, 139, 53, 53, 79, 570),
(795, 'Pheromosa', 71, 137, 37, 137, 37, 151, 570),
(796, 'Xurkitree', 83, 89, 71, 173, 71, 83, 570),
(797, 'Celesteela', 97, 101, 103, 107, 101, 61, 570),
(798, 'Kartana', 59, 181, 131, 59, 31, 109, 570),
(799, 'Guzzlord', 223, 101, 53, 97, 53, 43, 570),
(800, 'Necrozma', 97, 107, 101, 127, 89, 79, 600),
(801, 'Magearna', 80, 95, 115, 130, 115, 65, 600),
(802, 'Marshadow', 90, 125, 80, 90, 90, 125, 600),
(803, 'Poipole', 67, 73, 67, 73, 67, 73, 420),
(804, 'Naganadel', 73, 73, 73, 127, 73, 121, 540),
(805, 'Stakataka', 61, 131, 211, 53, 101, 13, 570),
(806, 'Blacephalon', 53, 127, 53, 151, 79, 107, 570),
(807, 'Zeraora', 88, 112, 75, 102, 80, 143, 600);

ALTER TABLE pokemon
ADD region_id INTEGER,
ADD CONSTRAINT pokemon_fk_region_id FOREIGN KEY(region_id) REFERENCES region(region_id);

UPDATE pokemon
SET region_id = 1
WHERE pokemon_id BETWEEN 1 AND 151;

UPDATE pokemon
SET region_id = 2
WHERE pokemon_id BETWEEN 152 AND 200;

UPDATE pokemon
SET region_id = 3
WHERE pokemon_id BETWEEN 201 AND 251;

UPDATE pokemon
SET region_id = 4
WHERE pokemon_id BETWEEN 252 AND 386;

UPDATE pokemon
SET region_id = 5
WHERE pokemon_id BETWEEN 387 AND 493;

UPDATE pokemon
SET region_id = 6
WHERE pokemon_id BETWEEN 494 AND 649;

UPDATE pokemon
SET region_id = 7
WHERE pokemon_id BETWEEN 650 AND 721;

UPDATE pokemon
SET region_id = 8
WHERE pokemon_id BETWEEN 722 AND 807;

INSERT INTO pokemon_type (pokemon_id, type_id) VALUES
--Gen I
(1, 5), (1, 8),
(2, 5), (2, 8),
(3, 5), (3, 8),
(4, 2),
(5, 2),
(6, 2), (6, 10),
(7, 3),
(8, 3),
(9, 3),
(10, 12),
(11, 12),
(12, 12), (12, 10),
(13, 12), (13, 8),
(14, 12), (14, 8),
(15, 12), (15, 8),
(16, 1), (16, 10),
(17, 1), (17, 10),
(18, 1), (18, 10),
(19, 1),
(20, 1),
(21, 1), (21, 10),
(22, 1), (22, 10),
(23, 8),
(24, 8),
(25, 4),
(26, 4),
(27, 9),
(28, 9),
(29, 8),
(30, 8),
(31, 8), (31, 9),
(32, 8),
(33, 8),
(34, 8), (34, 9),
(35, 18),
(36, 18),
(37, 2),
(38, 2),
(39, 1), (39, 18),
(40, 18), (40, 1),
(41, 8), (41, 10),
(42, 8), (42, 10),
(43, 5), (43, 8),
(44, 5), (44, 8),
(45, 5), (45, 8),
(46, 12), (46, 5),
(47, 12), (47, 5),
(48, 12), (48, 8),
(49, 12), (49, 8),
(50, 9),
(51, 9),
(52, 1),
(53, 1),
(54, 3),
(55, 3),
(56, 7),
(57, 7),
(58, 2),
(59, 2),
(60, 3),
(61, 3),
(62, 3), (62, 7),
(63, 11),
(64, 11),
(65, 11),
(66, 7),
(67, 7),
(68, 7),
(69, 5), (69, 8),
(70, 5), (70, 8),
(71, 5), (71, 8),
(72, 3), (72, 8),
(73, 3), (73, 8),
(74, 13), (74, 9),
(75, 13), (75, 9),
(76, 13), (76, 9),
(77, 2),
(78, 2),
(79, 3), (79, 11),
(80, 3), (80, 11),
(81, 4), (81, 17),
(82, 4), (82, 17),
(83, 1), (83, 10),
(84, 1), (84, 10),
(85, 1), (85, 10),
(86, 3),
(87, 3), (87, 6),
(88, 8),
(89, 8),
(90, 3),
(91, 3), (92, 6),
(92, 14), (92, 8),
(93, 14), (94, 8),
(94, 14), (94, 8),
(95, 13), (95, 9),
(96, 11),
(97, 11),
(98, 3),
(99, 3),
(100, 4),
(101, 4),
(102, 5), (102, 11),
(103, 5), (103, 11),
(104, 9),
(105, 9),
(106, 7),
(107, 7),
(108, 1),
(109, 8),
(110, 8),
(111, 9), (111, 13),
(112, 9), (112, 13),
(113, 1),
(114, 5),
(115, 1),
(116, 3),
(117, 3),
(118, 3),
(119, 3),
(120, 3),
(121, 3), (121, 11),
(122, 6), (122, 11),
(123, 12), (123, 10),
(124, 6), (124, 11),
(125, 4),
(126, 2),
(127, 12),
(128, 1),
(129, 3),
(130, 3), (130, 10),
(131, 3), (131, 6),
(132, 1),
(133, 1),
(134, 3),
(135, 4),
(136, 2),
(137, 1),
(138, 13), (138, 3),
(139, 13), (139, 3),
(140, 13), (140, 3),
(141, 13), (141, 3),
(142, 13), (142, 10),
(143, 1),
(144, 6), (144, 10),
(145, 4),
(145, 10),
(146, 2), (146, 10),
(147, 15),
(148, 15),
(149, 15), (149, 10),
(150, 11),
(151, 11), (151, 7),

--Gen II
(152, 5),    -- Chikorita - Grass
(153, 5),    -- Bayleef - Grass
(154, 5),    -- Meganium - Grass
(155, 2),     -- Cyndaquil - Fire
(156, 2),     -- Quilava - Fire
(157, 2),     -- Typhlosion - Fire
(158, 3),     -- Totodile - Water
(159, 3),     -- Croconaw - Water
(160, 3),     -- Feraligatr - Water
(161, 1),     -- Sentret - Normal
(162, 1),     -- Furret - Normal
(163, 1), (163, 10),    -- Hoothoot - Flying, Normal
(164, 1), (164, 10),    -- Noctowl - Flying,Normal
(165, 12), (165, 10),    -- Ledyba - Flying, Bug
(166, 12), (166, 10),    -- Ledian - Flying
(167, 12), (167, 8),     -- Spinarak - Poison
(168, 12), (168, 8),     -- Ariados - Poison
(169, 8), (169, 10),    -- Crobat - Flying
(170, 3), (170, 4),     -- Chinchou - Electric
(171, 3), (171, 4),     -- Lanturn - Electric
(172, 4),    -- Pichu - Electric
(173, 18),     -- Cleffa - Fairy
(174, 1), (174, 18),    -- Igglybuff - Fairy
(175, 18),    -- Togepi - Fairy
(176, 18), (176, 10),   -- Togetic - Fairy, Flying
(177, 11), (177, 10),    -- Natu - Flying
(178, 11), (178, 10),    -- Xatu - Flying
(179, 4),     -- Mareep - Electric
(180, 4),     -- Flaaffy - Electric
(181, 4),     -- Ampharos - Electric
(182, 5),    -- Bellossom - Grass
(183, 3), (183, 18),    -- Marill - Fairy
(184, 3), (184, 18),    -- Azumarill - Fairy
(185, 13),     -- Sudowoodo - Rock
(186, 3),     -- Politoed - Water
(187, 5), (187, 10),    -- Hoppip - Flying
(188, 5), (188, 10),    -- Skiploom - Flying
(189, 5), (189, 10),    -- Jumpluff - Flying
(190, 1),     -- Aipom - Normal
(191, 5),     -- Sunkern - Grass
(192, 5),     -- Sunflora - Grass
(193, 12), (193, 10),    -- Yanma - Flying
(194, 3), (194, 9),     -- Wooper - Ground
(195, 3), (195, 9),     -- Quagsire - Ground
(196, 11),    -- Espeon - Psychic
(197, 16),    -- Umbreon - Dark
(198, 16), (198, 10),    -- Murkrow - Flying
(199, 3), (199, 11),    -- Slowking - Psychic
(200, 14),    -- Misdreavus - Ghost

--Gen III
(201, 11),    -- Unown - Psychic
(202, 11),     -- Wobbuffet - Psychic
(203, 1), (203, 11),    -- Girafarig - Psychic
(204, 12),     -- Pineco - Bug
(205, 12), (205, 17),     -- Forretress - Bug
(206, 1),     -- Dunsparce - Normal
(207, 9), (207, 10),    -- Gligar - Flying
(208, 17), (208, 9),    -- Steelix - Ground
(209, 18),    -- Snubbull - Fairy
(210, 18),    -- Granbull - Fairy
(211, 3), (211, 8),     -- Qwilfish - Poison
(212, 12), (212, 17),    -- Scizor - Steel
(213, 12), (213, 13),    -- Shuckle - Rock
(214, 12), (214, 7),    -- Heracross - Fighting
(215, 16), (215, 6),     -- Sneasel - Ice
(216, 1),     -- Teddiursa - Normal
(217, 1),     -- Ursaring - Normal
(218, 2),    -- Slugma - Fire
(219, 2), (219, 13),     -- Magcargo - Rock
(220, 6), (220, 9),     -- Swinub - Ground
(221, 6), (221, 9),     -- Piloswine - Ground
(222, 3), (222, 13),    -- Corsola - Rock
(223, 3),    -- Remoraid - Water
(224, 3),    -- Octillery - Water
(225, 6), (225, 10),     -- Delibird - Ice
(226, 3), (226, 10),    -- Mantine - Flying
(227, 17), (227, 10),    -- Skarmory - Flying
(228, 16), (228, 2),     -- Houndour - Fire
(229, 16), (229, 2),     -- Houndoom - Fire
(230, 3), (230, 15),    -- Kingdra - Dragon
(231, 9),    -- Phanpy - Ground
(232, 9),    -- Donphan - Ground
(233, 1),     -- Porygon2 - Normal
(234, 1),     -- Stantler - Normal
(235, 1),    -- Smeargle - Normal
(236, 7),     -- Tyrogue - Fighting
(237, 7),     -- Hitmontop - Fighting
(238, 6), (238, 11),    -- Smoochum - Psychic
(239, 4),    -- Elekid - Electric
(240, 2),    -- Magby - Fire
(241, 1),    -- Miltank - Normal
(242, 1),     -- Blissey - Normal
(243, 4),    -- Raikou - Electric
(244, 2),    -- Entei - Fire
(245, 3),     -- Suicune - Water
(246, 13), (246, 9),     -- Larvitar - Ground
(247, 13), (247, 9),     -- Pupitar - Ground
(248, 13), (248, 16),    -- Tyranitar - Dark
(249, 11), (249, 10),    -- Lugia - Psychic
(250, 2),    -- Ho-Oh - Fire
(251, 11), (251, 5),    -- Celebi - Psychic

--Gen IV
(252, 5),     -- Treecko - Grass
(253, 5),     -- Grovyle - Grass
(254, 5),     -- Sceptile - Grass
(255, 2),     -- Torchic - Grass
(256, 2), (256, 7),     -- Combusken - Fire
(257, 2), (257, 7),     -- Blaziken - Fire
(258, 3),     -- Mudkip - Water
(259, 3), (259, 9),     -- Marshtomp - Ground
(260, 3), (260, 9),     -- Swampert - Ground
(261, 16),     -- Poochyena - Normal
(262, 16),     -- Mightyena - Normal
(263, 1),     -- Zigzagoon - Normal
(264, 1),     -- Linoone - Normal
(265, 12),     -- Wurmple - Bug
(266, 12),     -- Silcoon - Bug
(267, 12), (267, 10),     -- Beautifly - Bug
(268, 12),     -- Cascoon - Bug
(269, 8), (269, 12),     -- Dustox - Poison
(270, 5), (270, 3),     -- Lotad - Water
(271, 5), (271, 3),     -- Lombre - Water
(272, 5), (272, 3),     -- Ludicolo - Water
(273, 5),     -- Seedot - Grass
(274, 5), (274, 16),     -- Nuzleaf - Grass
(275, 5), (274, 16),     -- Shiftry - Grass
(276, 1), (276, 10),    -- Taillow - Flying
(277, 1), (277, 10),    -- Swellow - Flying
(278, 3), (278, 10),    -- Wingull - Flying
(279, 3), (279, 10),    -- Pelipper - Flying
(280, 11), (280, 18),    -- Ralts - Fairy
(281, 11), (281, 18),    -- Kirlia - Fairy
(282, 11), (282, 18),    -- Gardevoir - Fairy
(283, 12), (283, 3),     -- Surskit - Bug, Water
(284, 12), (284, 10),    -- Masquerain - Flying
(285, 5),     -- Shroomish - Grass
(286, 5), (286, 7),     -- Breloom - Fighting
(287, 1),     -- Slakoth - Normal
(288, 1),     -- Vigoroth - Normal
(289, 1),     -- Slaking - Normal
(290, 12), (290, 9),     -- Nincada - Ground
(291, 12), (291, 10),    -- Ninjask - Flying
(292, 12), (292, 14),    -- Shedinja - Ghost
(293, 1),     -- Whismur - Normal
(294, 1),     -- Loudred - Normal
(295, 1),     -- Exploud - Normal
(296, 7),    -- Makuhita - Fighting
(297, 7),    -- Hariyama - Fighting
(298, 7), (298, 18),     -- Azurill - Fairy
(299, 13),     -- Nosepass - Rock
(300, 1),     -- Skitty - Normal
(301, 1),     -- Delcatty - Normal
(302, 16), (302, 14),    -- Sableye - Ghost
(303, 17), (303, 18),    -- Mawile - Fairy
(304, 17), (304, 13),    -- Aron - Rock
(305, 17), (305, 13),    -- Lairon - Rock
(306, 17), (306, 13),    -- Aggron - Rock
(307, 7), (307, 11),    -- Meditite - Psychic
(308, 7), (308, 11),    -- Medicham - Psychic
(309, 4),     -- Electrike - Electric
(310, 4),     -- Manectric - Electric
(311, 4),    -- Plusle - Electric
(312, 4),    -- Minun - Electric
(313, 12),    -- Volbeat - Bug
(314, 12),    -- Illumise - Bug
(315, 5), (315, 8),     -- Roselia - Poison
(316, 8),     -- Gulpin - Poison
(317, 8),     -- Swalot - Poison
(318, 16), (318, 3),     -- Carvanha - Water
(319, 16), (319, 3),     -- Sharpedo - Water
(320, 3),    -- Wailmer - Water
(321, 3),    -- Wailord - Water
(322, 2), (322, 9),     -- Numel - Ground
(323, 2), (323, 9),     -- Camerupt - Ground
(324, 2),     -- Torkoal - Fire
(325, 11),     -- Spoink - Psychic
(326, 11),     -- Grumpig - Psychic
(327, 1),    -- Spinda - Normal
(328, 9),     -- Trapinch - Ground
(329, 5),     -- Vibrava - Ground
(329, 9), (329, 15),    -- Vibrava - Flying
(330, 9), (330, 15),     -- Flygon - Ground
(331, 5),    -- Cacnea - Grass
(332, 5), (332, 16),     -- Cacturne - Poison
(333, 1), (333, 10),    -- Swablu - Flying
(334, 15), (334, 10),    -- Altaria - Flying
(335, 1),     -- Zangoose - Normal
(336, 8),     -- Seviper - Poison
(337, 13), (337, 11),    -- Lunatone - Psychic
(338, 13), (338, 11),    -- Solrock - Psychic
(339, 3), (339, 9),     -- Barboach - Ground
(340, 3), (340, 9),     -- Whiscash - Ground
(341, 3),    -- Corphish - Water
(342, 3), (342, 16),     -- Crawdaunt - Dark
(343, 9), (343, 11),    -- Baltoy - Psychic
(344, 9), (344, 11),    -- Claydol - Psychic
(345, 13), (345, 5),     -- Lileep - Grass
(346, 13), (346, 5),     -- Cradily - Grass
(347, 13), (347, 12),    -- Anorith - Bug
(348, 13), (348, 12),    -- Armaldo - Bug
(349, 3),    -- Feebas - Water
(350, 3),    -- Milotic - Water
(350, 1),    -- Milotic - Fairy
(351, 2),    -- Castform - Normal
(352, 1),     -- Kecleon - Normal
(353, 14),     -- Shuppet - Ghost
(354, 14),     -- Banette - Ghost
(355, 14),    -- Duskull - Ghost
(356, 14),    -- Dusclops - Ghost
(357, 5), (357, 10),     -- Tropius - Grass
(358, 11),     -- Chimecho - Psychic
(359, 16),     -- Absol - Dark
(360, 11),     -- Wynaut - Psychic
(361, 6),     -- Snorunt - Ice
(362, 6),     -- Glalie - Ice
(363, 6), (363, 3),     -- Spheal - Water
(364, 6), (364, 3),     -- Sealeo - Water
(365, 6), (365, 3),     -- Walrein - Water
(366, 3),     -- Clamperl - Water
(367, 3),     -- Huntail - Water
(368, 3),     -- Gorebyss - Water
(369, 3), (369, 13),    -- Relicanth - Rock
(370, 3),     -- Luvdisc - Water
(371, 15),    -- Bagon - Dragon
(372, 15),    -- Shelgon - Dragon
(373, 15), (373, 10),    -- Salamence - Flying
(374, 17), (374, 11),    -- Beldum - Psychic
(375, 17), (375, 11),    -- Metang - Psychic
(376, 17), (376, 11),    -- Metagross - Psychic
(377, 13),    -- Regirock - Rock
(378, 6),    -- Regice - Ice
(379, 17),    -- Registeel - Steel
(380, 15), (380, 11),    -- Latias - Psychic
(381, 15), (381, 11),    -- Latios - Psychic
(382, 3),     -- Kyogre - Water
(383, 9),    -- Groudon - Ground
(384, 15), (384, 10),    -- Rayquaza - Flying
(385, 17), (385, 11),    -- Jirachi - Psychic
(386, 11),     -- Deoxys - Psychic

--Gen V
(387, 5),     -- Turtwig - Grass
(388, 5),     -- Grotle - Grass
(389, 5), (389, 9),    -- Torterra - Ground
(390, 2),     -- Chimchar - Fire
(391, 2), (391, 7),     -- Monferno - Fighting
(392, 2), (392, 7),     -- Infernape - Fighting
(393, 3),     -- Piplup - Water
(394, 3),     -- Prinplup - Water
(395, 3), (395, 17),    -- Empoleon - Steel
(396, 1), (396, 10),    -- Starly - Flying
(397, 1), (397, 10),    -- Staravia - Flying
(398, 1), (398, 10),    -- Staraptor - Flying
(399, 1),     -- Bidoof - Normal
(400, 1), (400, 3),     -- Bibarel - Water
(401, 12),    -- Kricketot - Bug
(402, 12),    -- Kricketune - Bug
(403, 4),     -- Shinx - Electric
(404, 4),     -- Luxio - Electric
(405, 4),     -- Luxray - Electric
(406, 5), (406, 8),     -- Budew - Poison
(407, 5), (407, 8),     -- Roserade - Poison
(408, 13),    -- Cranidos - Rock
(409, 13),    -- Rampardos - Rock
(410, 13), (410, 17),    -- Shieldon - Steel
(411, 13), (411, 17),    -- Bastiodon - Steel
(412, 12),     -- Burmy - Bug
(413, 12), (413, 5),     -- Wormadam - Grass
(414, 12), (414, 10),    -- Mothim - Flying
(415, 12), (415, 10),     -- Combee - Bug
(416, 12), (416, 10),      -- Vespiquen - Bug
(417, 4),     -- Pachirisu - Electric
(418, 3),     -- Buizel - Water
(419, 3),     -- Floatzel - Water
(420, 5),     -- Cherubi - Grass
(421, 5),     -- Cherrim - Grass
(422, 3),     -- Shellos - Water
(423, 3), (423, 9),     -- Gastrodon - Ground
(424, 1),     -- Ambipom - Normal
(425, 14), (425, 10),    -- Drifloon - Flying
(426, 14), (426, 10),    -- Drifblim - Flying
(427, 1),     -- Buneary - Normal
(428, 1),     -- Lopunny - Normal
(429, 14),     -- Mismagius - Ghost
(430, 16), (430, 10),    -- Honchkrow - Flying
(431, 1),     -- Glameow - Normal
(432, 1),     -- Purugly - Normal
(433, 11),     -- Chingling - Psychic
(434, 8), (434, 16),     -- Stunky - Dark
(435, 8), (435, 16),     -- Skuntank - Dark
(436, 17), (436, 11),    -- Bronzor - Psychic
(437, 17), (437, 11),    -- Bronzong - Psychic
(438, 13),     -- Bonsly - Rock
(439, 11), (439, 18),     -- Mime Jr. - Psychic
(440, 1),     -- Happiny - Normal
(441, 1), (441, 10),    -- Chatot - Flying
(442, 14), (442, 16),    -- Spiritomb - Dark
(443, 15), (443, 9),    -- Gible - Rock
(444, 15), (444, 9),    -- Gabite - Rock
(445, 15), (445, 9),    -- Garchomp - Rock
(446, 1),     -- Munchlax - Normal
(447, 7),     -- Riolu - Fighting
(448, 7), (448, 17),    -- Lucario - Steel
(449, 9),    -- Hippopotas - Ground
(450, 9),    -- Hippowdon - Ground
(451, 8), (451, 12),     -- Skorupi - Dark
(452, 8), (452, 16),     -- Drapion - Dark
(453, 8), (453, 7),     -- Croagunk - Fighting
(454, 8), (454, 7),     -- Toxicroak - Fighting
(455, 5),    -- Carnivine - Grass
(456, 3),     -- Finneon - Water
(457, 3),     -- Lumineon - Water
(458, 3), (458, 10),    -- Mantyke - Flying
(459, 5), (459, 6),     -- Snover - Ice
(460, 5), (460, 6),     -- Abomasnow - Ice
(461, 16), (461, 6),     -- Weavile - Ice
(462, 4), (462, 17),    -- Magnezone - Steel
(463, 1),     -- Lickilicky - Normal
(464, 9), (464, 13),    -- Rhyperior - Rock
(465, 5),     -- Tangrowth - Grass
(466, 4),     -- Electivire - Electric
(467, 2),     -- Magmortar - Fire
(468, 18), (468, 10),    -- Togekiss - Flying
(469, 12), (469, 10),    -- Yanmega - Flying
(470, 5),    -- Leafeon - Grass
(471, 6),    -- Glaceon - Ice
(472, 9), (472, 10),    -- Gliscor - Flying
(473, 6), (473, 9),     -- Mamoswine - Ground
(474, 1),     -- Porygon-Z - Normal
(475, 11), (475, 7),     -- Gallade - Fighting
(476, 13), (476, 17),     -- Probopass - Rock
(477, 14),     -- Dusknoir - Ghost
(478, 6), (478, 14),    -- Froslass - Ice
(479, 4), (479, 14),    -- Rotom - Ghost
(480, 11),    -- Uxie - Psychic
(481, 11),    -- Mesprit - Psychic
(482, 11),    -- Azelf - Psychic
(483, 15), (483, 17),    -- Dialga - Steel
(484, 15), (484, 3),    -- Palkia - Dragon
(485, 2), (485, 17),    -- Heatran - Steel
(486, 1),     -- Regigigas - Normal
(487, 15), (487, 14),    -- Giratina - Ghost
(488, 11),    -- Cresselia - Psychic
(489, 3),    -- Phione - Water
(490, 3),    -- Manaphy - Water
(491, 16),    -- Darkrai - Dark
(492, 5),    -- Shaymin - Grass
(493, 1),    -- Arceus - Normal

--Gen VI
(494, 2), (494, 11),    -- Victini - Psychic
(495, 5),     -- Snivy - Normal
(496, 5),     -- Servine - Normal
(497, 5),     -- Serperior - Normal
(498, 2),     -- Tepig - Fire
(499, 2), (499, 7),     -- Pignite - Fighting
(500, 2), (500, 7),     -- Emboar - Fighting
(501, 3),     -- Oshawott - Water
(502, 3),     -- Dewott - Water
(503, 3),     -- Samurott - Water
(504, 1),     -- Patrat - Normal
(505, 1),     -- Watchog - Normal
(506, 1),     -- Lillipup - Normal
(507, 1),     -- Herdier - Normal
(508, 1),     -- Stoutland - Normal
(509, 16),    -- Purrloin - Dark
(510, 16),    -- Liepard - Dark
(511, 5),     -- Pansage - Normal
(512, 5),     -- Simisage - Normal
(513, 2),     -- Pansear - Normal
(514, 2),     -- Simisear - Normal
(515, 3),     -- Panpour - Normal
(516, 3),     -- Simipour - Normal
(517, 11),     -- Munna - Psychic
(518, 11),     -- Musharna - Psychic
(519, 1), (519, 10),    -- Pidove - Flying
(520, 1), (520, 10),    -- Tranquill - Flying
(521, 1), (521, 10),    -- Unfezant - Flying
(522, 4),     -- Blitzle - Electric
(523, 4),     -- Zebstrika - Normal
(524, 13),    -- Roggenrola - Rock
(525, 13),    -- Boldore - Rock
(526, 13),    -- Gigalith - Rock
(527, 11), (527, 10),    -- Woobat - Flying
(528, 11), (528, 10),    -- Swoobat - Flying
(529, 9),    -- Drilbur - Ground
(530, 9), (530, 17),    -- Excadrill - Steel
(531, 1),     -- Audino - Normal
(532, 7),     -- Timburr - Fighting
(533, 7),     -- Gurdurr - Fighting
(534, 7),     -- Conkeldurr - Fighting
(535, 3),     -- Tympole - Water
(536, 9), (536, 3),     -- Palpitoad - Water
(537, 3), (537, 9),     -- Seismitoad - Ground
(538, 7),    -- Throh - Fighting
(539, 7),    -- Sawk - Fighting
(540, 5), (540, 12),     -- Sewaddle - Bug
(541, 5), (541, 12),     -- Swadloon - Bug
(542, 12), (542, 5),     -- Leavanny - Bug
(543, 12), (543, 8),     -- Venipede - Poison
(544, 12), (544, 8),     -- Whirlipede - Poison
(545, 12), (545, 8),     -- Scolipede - Poison
(546, 5), (546, 18),    -- Cottonee - Fairy
(547, 5), (547, 18),    -- Whimsicott - Fairy
(548, 5),     -- Petilil - Grass
(549, 5),     -- Lilligant - Grass
(550, 3),     -- Basculin - Water
(551, 16), (551, 9),     -- Sandile - Ground
(552, 16), (552, 9),     -- Krokorok - Ground
(553, 16), (553, 9),     -- Krookodile - Ground
(554, 2),     -- Darumaka - Fire
(555, 2),     -- Darmanitan - Fire
(556, 5),     -- Maractus - Grass
(557, 12), (557, 13),    -- Dwebble - Rock
(558, 12), (558, 13),    -- Crustle - Rock
(559, 16), (559, 7),     -- Scraggy - Fighting
(560, 16), (560, 7),     -- Scrafty - Fighting
(561, 11), (561, 10),    -- Sigilyph - Flying
(562, 14),     -- Yamask - Ghost
(563, 14),     -- Cofagrigus - Ghost
(564, 3), (564, 13),    -- Tirtouga - Rock
(565, 3), (565, 13),    -- Carracosta - Rock
(566, 13), (566, 10),    -- Archen - Flying
(567, 13), (567, 10),    -- Archeops - Flying
(568, 8),     -- Trubbish - Poison
(569, 8),     -- Garbodor - Poison
(570, 16),    -- Zorua - Dark
(571, 16),    -- Zoroark - Dark
(572, 1),     -- Minccino - Normal
(573, 1),     -- Cinccino - Normal
(574, 11),     -- Gothita - Psychic
(575, 11),     -- Gothorita - Psychic
(576, 11),     -- Gothitelle - Psychic
(577, 11),     -- Solosis - Normal
(578, 11),    -- Duosion - Psychic
(579, 11),    -- Reuniclus - Psychic
(580, 3), (580, 10),    -- Ducklett - Flying
(581, 3), (581, 10),    -- Swanna - Flying
(582, 6),     -- Vanillite - Ice
(583, 6),     -- Vanillish - Ice
(584, 6),     -- Vanilluxe - Ice
(585, 1), (585, 5),     -- Deerling - Normal
(586, 5), (586, 5),    -- Sawsbuck - Normal
(587, 4), (587, 10),    -- Emolga - Flying
(588, 12),     -- Karrablast - Bug
(589, 12), (589, 17),    -- Escavalier - Steel
(590, 5), (590, 8),     -- Foongus - Poison
(591, 5), (591, 8),     -- Amoonguss - Poison
(592, 3), (592, 14),    -- Frillish - Ghost
(593, 3), (593, 14),    -- Jellicent - Ghost
(594, 3),     -- Alomomola - Water
(595, 13), (595, 4),     -- Joltik - Electric
(596, 13), (596, 4),     -- Galvantula - Electric
(597, 5), (597, 17),    -- Ferroseed - Steel
(598, 5), (598, 17),    -- Ferrothorn - Steel
(599, 17),     -- Klink - Steel
(600, 17),     -- Klang - Steel
(601, 17),     -- Klinklang - Steel
(602, 4),     -- Tynamo - Electric
(603, 4),     -- Eelektrik - Electric
(604, 4),     -- Eelektross - Electric
(605, 11),     -- Elgyem - Psychic
(606, 11),     -- Beheeyem - Psychic
(607, 14), (607, 2),     -- Litwick - Fire
(608, 14), (608, 2),     -- Lampent - Fire
(609, 14), (609, 2),     -- Chandelure - Fire
(610, 15),     -- Axew - Dragon
(611, 15),     -- Fraxure - Dragon
(612, 15),     -- Haxorus - Dragon
(613, 6),     -- Cubchoo - Ice
(614, 6),     -- Beartic - Ice
(615, 6),     -- Cryogonal - Ice
(616, 13),     -- Shelmet - Bug
(617, 13),     -- Accelgor - Bug
(618, 9), (618, 4),     -- Stunfisk - Electric
(619, 7),     -- Mienfoo - Fighting
(620, 7),     -- Mienshao - Fighting
(621, 15),     -- Druddigon - Dragon
(622, 9), (622, 14),    -- Golett - Psychic
(623, 9), (623, 14),    -- Golurk - Psychic
(624, 16), (624, 17),     -- Pawniard - Steel
(625, 16), (625, 17),     -- Bisharp - Steel
(626, 1),     -- Bouffalant - Normal
(627, 1), (627, 10),    -- Rufflet - Flying
(628, 1), (628, 10),    -- Braviary - Flying
(629, 16), (629, 10),    -- Vullaby - Flying
(630, 16), (630, 10),    -- Mandibuzz - Flying
(631, 2),     -- Heatmor - Fire
(632, 13), (632, 17),    -- Durant - Steel
(633, 16), (633, 15),    -- Deino - Dragon
(634, 16), (634, 15),    -- Zweilous - Dragon
(635, 16), (635, 15),    -- Hydreigon - Dragon
(636, 13), (636, 2),     -- Larvesta - Fire
(637, 13), (637, 2),     -- Volcarona - Fire
(638, 17), (638, 7),     -- Cobalion - Fighting
(639, 14), (639, 7),     -- Terrakion - Fighting
(640, 5), (640, 7),     -- Virizion - Fighting
(641, 10),     -- Tornadus - Flying
(642, 4), (642, 10),    -- Thundurus - Flying
(643, 15), (643, 2),     -- Reshiram - Fire
(644, 4), (644, 15),    -- Zekrom - Dragon
(645, 9), (645, 10),     -- Landorus - Ground
(646, 15), (646, 6),     -- Kyurem - Ice
(647, 3), (647, 7),     -- Keldeo - Fighting
(648, 11), (648, 1),     -- Meloetta - Fighting
(649, 13), (649, 17),     -- Genesect - Bug, Steel

--Gen VII
(650, 5),     -- Chespin - Grass
(651, 5),     -- Quilladin - Grass
(652, 5), (652, 7),     -- Chesnaught - Fighting
(653, 2),     -- Fennekin - Fire
(654, 2),     -- Braixen - Fire
(655, 2), (655, 11),    -- Delphox - Psychic
(656, 3),     -- Froakie - Water
(657, 3),     -- Frogadier - Water
(658, 3), (658, 16),    -- Greninja - Dark
(659, 1),     -- Bunnelby - Normal
(660, 1), (660, 9),     -- Diggersby - Ground
(661, 1), (661, 10),    -- Fletchling - Normal
(662, 2), (662, 10),    -- Fletchinder - Normal
(663, 10), (663, 2),    -- Talonflame - Normal
(664, 12),     -- Scatterbug - Bug
(665, 12),     -- Spewpa - Bug
(666, 12), (666, 10),    -- Vivillon - Flying
(667, 2), (667, 1),    -- Litleo - Dark
(668, 2), (668, 1),    -- Pyroar - Dark
(669, 18),     -- Flabébé - Fairy
(670, 18),     -- Floette - Fairy
(671, 18),     -- Florges - Fairy
(672, 5),     -- Skiddo - Normal
(673, 5),     -- Gogoat - Grass
(674, 7),     -- Pancham - Fighting
(675, 7), (675, 16),    -- Pangoro - Dark
(676, 1),     -- Furfrou - Normal
(677, 11),     -- Espurr - Psychic
(678, 11),     -- Meowstic - Psychic
(679, 17), (679, 14),    -- Honedge - Ghost
(680, 17), (680, 14),    -- Doublade - Ghost
(681, 17), (681, 14),    -- Aegislash - Ghost
(682, 18),     -- Spritzee - Normal
(683, 18),    -- Aromatisse - Fairy
(684, 18),    -- Swirlix - Fairy
(685, 18),    -- Slurpuff - Fairy
(686, 16), (686, 11),    -- Inkay - Psychic
(687, 16), (687, 11),    -- Malamar - Psychic
(688, 13), (688, 3),    -- Binacle - Water
(689, 3), (689, 13),    -- Barbaracle - Water
(690, 8), (690, 3),     -- Skrelp - Water
(691, 8), (691, 3),     -- Dragalge - Dragon
(692, 3),     -- Clauncher - Water
(693, 3),     -- Clawitzer - Water
(694, 1), (694, 4),     -- Helioptile - Normal
(695, 1), (695, 4),     -- Heliolisk - Normal
(696, 13), (696, 15),    -- Tyrunt - Dragon
(697, 13), (697, 15),    -- Tyrantrum - Dragon
(698, 13), (698, 6),     -- Amaura - Ice
(699, 13), (699, 6),     -- Aurorus - Ice
(700, 18),     -- Sylveon - Fairy
(701, 7), (701, 10),    -- Hawlucha - Flying
(702, 4), (702, 18),    -- Dedenne - Fairy
(703, 13), (703, 18),     -- Carbink - Rock
(704, 15),     -- Goomy - Dragon
(705, 15),     -- Sliggoo - Dragon
(706, 15),     -- Goodra - Dragon
(707, 17), (707, 18),     -- Klefki - Steel
(708, 5), (708, 14),     -- Phantump - Grass
(709, 5), (709, 14),     -- Trevenant - Grass
(710, 5), (710, 14),     -- Pumpkaboo - Grass
(711, 5), (711, 14),     -- Gourgeist - Grass
(712, 6),     -- Bergmite - Ice
(713, 6),     -- Avalugg - Ice
(714, 10), (714, 15),    -- Noibat - Dragon
(715, 10), (715, 15),    -- Noivern - Dragon
(716, 18),    -- Xerneas - Fairy
(717, 16), (717, 10),     -- Yveltal - Dark
(718, 15), (718, 9),    -- Zygarde - Dragon
(719, 13), (719, 18),    -- Diancie - Fairy
(720, 14), (720, 11),    -- Hoopa - Psychic
(721, 2), (721, 3),   -- Volcanion - Dark

--Gen VIII
(722, 5), (722, 10),   -- Rowlet - Fairy
(723, 10), (723, 5),     -- Dartrix - Grass
(724, 14), (724, 5),     -- Decidueye - Grass
(725, 2),     -- Litten - Fire
(726, 2),     -- Torracat - Fire
(727, 2),     -- Incineroar - Fire
(727, 16), (727, 2),   -- Incineroar - Dark
(728, 3),    -- Popplio - Normal
(729, 3),
(730, 18), (730, 3),     -- Primarina - Water
(731, 1), (731, 10),    -- Pikipek - Flying
(732, 1), (732, 10),
(733, 1), (733, 10),    -- Toucannon - Flying
(734, 1),     -- Yungoos - Normal
(735, 1),     -- Gumshoos - Normal
(736, 12),     -- Grubbin - Bug
(737, 12), (737, 4),     -- Charjabug - Bug
(738, 12), (738, 4),     -- Vikavolt - Electric
(739, 7),     -- Crabrawler - Fighting
(740, 7), (740, 6),     -- Crabominable - Ice
(741, 10), (741, 4),     -- Oricorio - Electric
(742, 18), (742, 12),     -- Cutiefly - Bug
(743, 18), (743, 12),     -- Ribombee - Bug
(744, 13),     -- Rockruff - Rock
(745, 13),     -- Lycanroc - Rock
(746, 3),     -- Wishiwashi - Water
(747, 8), (747, 3),     -- Mareanie - Water
(748, 8), (748, 3),     -- Toxapex - Water
(749, 9),     -- Mudbray - Ground
(750, 9),     -- Mudsdale - Ground
(751, 3), (751, 12),    -- Dewpider - Bug
(752, 3), (752, 12),    -- Araquanid - Bug
(753, 5),     -- Fomantis - Grass
(754, 5),     -- Lurantis - Grass
(755, 5), (755, 18),    -- Morelull - Fairy
(756, 5), (756, 18),    -- Shiinotic - Fairy
(757, 8), (757, 2),     -- Salandit - Fire
(758, 8), (758, 2),     -- Salazzle - Fire
(759, 1), (759, 7),     -- Stufful - Fighting
(760, 1), (760, 7),     -- Bewear - Fighting
(761, 5),     -- Bounsweet - Grass
(762, 5),     -- Steenee - Grass
(763, 5),     -- Tsareena - Grass
(764, 18),     -- Comfey - Grass
(765, 1), (765, 11),    -- Oranguru - Psychic
(766, 7),     -- Passimian - Fighting
(767, 12), (767, 3),     -- Wimpod - Bug
(768, 12), (768, 3),     -- Golisopod - Water
(769, 14), (769, 9),     -- Sandygast - Ground
(770, 14), (770, 9),     -- Palossand - Ground
(771, 3),     -- Pyukumuku - Water
(772, 1),     -- Type: Null - Normal
(773, 1),     -- Silvally - Normal
(774, 13), (774, 10),    -- Minior - Flying
(775, 1),     -- Komala - Normal
(776, 2), (776, 15),     -- Turtonator - Dragon
(777, 4), (777, 17),     -- Togedemaru - Steel
(778, 14), (778, 18),    -- Mimikyu - Fairy
(779, 3), (779, 11),    -- Bruxish - Psychic
(780, 1), (780, 15),     -- Drampa - Dragon
(781, 14), (781, 5),    -- Dhelmise - Grass
(782, 15),     -- Jangmo-o - Dragon
(783, 15), (783, 7),     -- Hakamo-o - Fighting
(784, 15), (784, 7),     -- Kommo-o - Fighting
(785, 4), (785, 18),   -- Tapu Koko - Electric, Fairy
(786, 18), (786, 11),    -- Tapu Lele - Psychic
(787, 18), (787, 5),     -- Tapu Bulu - Grass
(788, 18), (788, 3),     -- Tapu Fini - Water
(789, 11),     -- Cosmog - Psychic
(790, 11),     -- Cosmoem - Psychic
(791, 11), (791, 17),     -- Solgaleo - Steel
(792, 11), (792, 14),    -- Lunala - Ghost
(793, 13), (793, 8),    -- Nihilego - Ghost
(794, 12), (794, 7),     -- Buzzwole - Fighting
(795, 12), (795, 7),    -- Pheromosa - Flying
(796, 4),     -- Xurkitree - Electric
(797, 17), (797, 10),    -- Celesteela - Flying
(798, 5), (798, 17),    -- Kartana - Steel
(799, 16), (799, 15),     -- Guzzlord - Dragon
(800, 11),     -- Necrozma - Psychic
(801, 17), (801, 18),    -- Magearna - Fairy
(802, 7), (802, 14),    -- Marshadow - Ghost
(803, 8),     -- Poipole - Poison
(804, 8), (804, 15),     -- Naganadel - Dragon
(805, 13), (805, 17),    -- Stakataka - Steel
(806, 2), (806, 14),    -- Blacephalon - Ghost
(807, 4);     -- Zeraora - Electric

COMMIT;





